210722 22:25:18	78.57	27.18	48.40	4.48
210722 22:25:23	78.58	27.35	48.53	4.49
210722 22:25:28	78.58	27.28	48.43	4.46
210722 22:25:33	78.58	27.07	47.98	4.45
210722 22:25:38	78.58	27.01	48.20	4.45
210722 22:25:43	78.59	26.91	47.89	4.49
210722 22:25:48	78.58	26.86	48.72	4.47
210722 22:25:53	78.58	26.81	48.03	4.45
210722 22:25:58	78.58	26.77	48.48	4.48
210722 22:26:03	78.58	26.72	48.30	4.47
210722 22:26:08	78.58	26.68	48.56	4.43
210722 22:26:13	78.57	26.64	48.70	4.45
210722 22:26:18	78.57	26.59	48.48	4.45
210722 22:26:23	78.58	26.56	48.71	4.49
210722 22:26:28	78.58	26.51	48.45	4.44
210722 22:26:33	78.57	26.48	48.54	4.45
210722 22:26:38	78.58	26.44	48.36	4.48
210722 22:26:43	78.58	26.39	48.47	4.47
210722 22:26:48	78.58	26.35	48.88	4.45
210722 22:26:53	78.58	26.30	48.90	4.43
210722 22:26:58	78.58	26.25	48.04	4.46
210722 22:27:03	78.58	26.20	48.88	4.45
210722 22:27:08	78.59	26.15	48.76	4.48
210722 22:27:13	78.59	26.10	48.97	4.49
210722 22:27:18	78.58	26.06	49.17	4.48
210722 22:27:23	78.58	26.03	49.45	4.45
210722 22:27:28	78.59	25.99	49.43	4.43
210722 22:27:33	78.59	25.94	49.32	4.45
210722 22:27:38	78.58	25.90	49.34	4.45
210722 22:27:43	78.59	25.85	49.37	4.45
210722 22:27:48	78.59	25.81	49.17	4.45
210722 22:27:53	78.59	25.76	49.52	4.48
210722 22:27:58	78.59	25.72	49.98	4.47
210722 22:28:03	78.59	25.66	49.16	4.43
210722 22:28:08	78.59	25.61	49.93	4.45
210722 22:28:13	78.59	25.58	49.79	4.45
210722 22:28:18	78.58	25.52	49.59	4.48
210722 22:28:23	78.59	25.49	49.96	4.46
210722 22:28:28	78.59	25.45	50.04	4.48
210722 22:28:33	78.59	25.42	50.09	4.45
210722 22:28:38	78.59	25.37	50.17	4.48
210722 22:28:43	78.59	25.34	49.91	4.46
210722 22:28:48	78.59	25.30	49.67	4.46
210722 22:28:53	78.59	25.23	50.87	4.48
210722 22:28:58	78.59	25.20	50.46	4.45
210722 22:29:03	78.59	25.15	50.98	4.47
210722 22:29:08	78.59	25.14	50.59	4.45
210722 22:29:13	78.59	25.09	50.79	4.43
210722 22:29:18	78.60	25.06	50.70	4.45
210722 22:29:23	78.59	25.03	50.91	4.45
210722 22:29:28	78.60	25.01	50.97	4.48
210722 22:29:33	78.60	24.97	51.06	4.48
210722 22:29:38	78.60	24.91	51.16	4.48
210722 22:29:43	78.59	24.87	52.01	4.46
210722 22:29:48	78.60	24.81	51.33	4.48
210722 22:29:53	78.60	24.79	51.46	4.45
210722 22:29:58	78.60	24.77	51.48	4.44
210722 22:30:04	78.60	24.75	51.34	4.44
210722 22:30:09	78.59	24.73	51.63	4.49
210722 22:30:14	78.60	24.69	51.61	4.47
210722 22:30:19	78.60	24.64	51.81	4.45
210722 22:30:24	78.59	24.60	51.94	4.45
210722 22:30:29	78.59	24.55	51.61	4.46
210722 22:30:34	78.60	24.52	52.17	4.47
210722 22:30:39	78.60	24.49	51.98	4.51
210722 22:30:44	78.60	24.46	52.88	4.45
210722 22:30:49	78.60	24.41	52.01	4.46
210722 22:30:54	78.60	24.38	52.43	4.45
210722 22:30:59	78.60	24.33	52.27	4.45
210722 22:31:04	78.60	24.29	52.80	4.46
210722 22:31:09	78.60	24.25	52.88	4.45
210722 22:31:14	78.59	24.22	52.68	4.43
210722 22:31:19	78.60	24.22	52.74	4.45
210722 22:31:24	78.60	24.18	52.66	4.45
210722 22:31:29	78.60	24.15	52.95	4.46
210722 22:31:34	78.60	24.12	52.94	4.48
210722 22:31:39	78.60	24.10	53.37	4.45
210722 22:31:44	78.60	24.08	53.07	4.45
210722 22:31:49	78.60	24.08	52.83	4.46
210722 22:31:54	78.59	24.05	53.05	4.47
210722 22:31:59	78.59	24.04	52.62	4.48
210722 22:32:04	78.60	24.02	53.44	4.46
210722 22:32:09	78.60	24.00	53.38	4.46
210722 22:32:14	78.60	23.98	53.28	4.45
210722 22:32:19	78.60	23.96	53.71	4.47
210722 22:32:24	78.60	23.93	53.29	4.48
210722 22:32:29	78.59	23.90	53.14	4.45
210722 22:32:34	78.59	23.87	53.81	4.43
210722 22:32:39	78.60	23.85	53.72	4.46
210722 22:32:44	78.61	23.82	53.90	4.45
210722 22:32:49	78.61	23.80	54.01	4.46
210722 22:32:54	78.60	23.79	53.43	4.48
210722 22:32:59	78.60	23.76	54.24	4.49
210722 22:33:04	78.60	23.75	53.90	4.49
210722 22:33:09	78.60	23.75	54.28	4.49
210722 22:33:14	78.60	23.75	54.00	4.49
210722 22:33:19	78.60	23.72	54.69	4.43
210722 22:33:24	78.59	23.71	54.21	4.43
210722 22:33:29	78.60	23.67	53.97	4.45
210722 22:33:34	78.60	23.64	54.37	4.47
210722 22:33:39	78.60	23.60	54.42	4.44
210722 22:33:44	78.60	23.59	54.41	4.44
210722 22:33:49	78.60	23.58	54.08	4.50
210722 22:33:54	78.60	23.54	53.72	4.44
210722 22:33:59	78.60	23.52	54.21	4.49
210722 22:34:04	78.60	23.50	54.25	4.49
210722 22:34:09	78.60	23.47	54.27	4.45
210722 22:34:14	78.60	23.45	54.31	4.45
210722 22:34:19	78.60	23.43	54.37	4.45
210722 22:34:24	78.60	23.41	54.41	4.49
210722 22:34:29	78.60	23.40	54.45	4.48
210722 22:34:34	78.60	23.38	54.25	4.49
210722 22:34:39	78.60	23.36	54.36	4.43
210722 22:34:44	78.61	23.35	54.42	4.45
210722 22:34:49	78.60	23.34	54.81	4.49
210722 22:34:54	78.61	23.34	54.58	4.45
210722 22:34:59	78.60	23.34	54.56	4.48
210722 22:35:04	78.60	23.32	54.70	4.45
210722 22:35:10	78.60	23.30	54.73	4.47
210722 22:35:15	78.60	23.29	55.09	4.45
210722 22:35:20	78.60	23.27	54.55	4.46
210722 22:35:25	78.61	23.26	54.74	4.43
210722 22:35:30	78.60	23.24	54.89	4.46
210722 22:35:35	78.60	23.22	54.83	4.43
210722 22:35:40	78.60	23.21	54.85	4.45
210722 22:35:45	78.61	23.21	54.76	4.45
210722 22:35:50	78.60	23.18	55.15	4.45
210722 22:35:55	78.60	23.18	55.11	4.45
210722 22:36:00	78.61	23.17	55.08	4.45
210722 22:36:05	78.61	23.16	54.88	4.48
210722 22:36:10	78.60	23.16	55.24	4.46
210722 22:36:15	78.61	23.15	54.77	4.48
210722 22:36:20	78.60	23.13	55.58	4.46
210722 22:36:25	78.60	23.13	55.11	4.45
210722 22:36:30	78.61	23.11	55.01	4.45
210722 22:36:35	78.61	23.10	55.23	4.48
210722 22:36:40	78.61	23.10	55.09	4.45
210722 22:36:45	78.61	23.09	54.95	4.47
210722 22:36:50	78.60	23.08	55.80	4.45
210722 22:36:55	78.61	23.06	55.38	4.45
210722 22:37:00	78.60	23.06	55.33	4.49
210722 22:37:05	78.61	23.05	55.36	4.45
210722 22:37:10	78.61	23.05	55.36	4.49
210722 22:37:15	78.61	23.05	55.44	4.46
210722 22:37:20	78.60	23.04	55.31	4.46
210722 22:37:25	78.61	23.03	55.28	4.43
210722 22:37:30	78.61	23.01	55.74	4.48
210722 22:37:35	78.61	23.03	55.41	4.47
210722 22:37:40	78.61	23.03	55.64	4.45
210722 22:37:45	78.61	23.00	55.46	4.45
210722 22:37:50	78.61	23.00	55.48	4.48
210722 22:37:55	78.61	22.99	55.71	4.43
210722 22:38:00	78.61	22.99	55.87	4.45
210722 22:38:05	78.61	22.99	55.57	4.48
210722 22:38:10	78.62	22.99	55.53	4.47
210722 22:38:15	78.61	22.99	55.53	4.47
210722 22:38:20	78.61	22.99	55.60	4.46
210722 22:38:25	78.60	22.99	55.49	4.46
210722 22:38:30	78.62	22.99	54.75	4.46
210722 22:38:35	78.60	22.99	55.31	4.45
210722 22:38:40	78.62	23.00	55.70	4.48
210722 22:38:45	78.62	23.00	55.00	4.48
210722 22:38:50	78.62	22.99	55.46	4.48
210722 22:38:55	78.62	22.97	55.71	4.43
210722 22:39:00	78.61	22.97	56.08	4.46
210722 22:39:05	78.61	22.97	55.17	4.45
210722 22:39:10	78.62	22.97	56.47	4.45
210722 22:39:15	78.62	22.96	56.08	4.45
210722 22:39:20	78.61	22.95	55.86	4.48
210722 22:39:25	78.61	22.94	55.79	4.47
210722 22:39:30	78.61	22.94	56.10	4.48
210722 22:39:35	78.61	22.94	55.44	4.45
210722 22:39:40	78.61	22.94	55.91	4.45
210722 22:39:45	78.62	22.93	55.75	4.43
210722 22:39:50	78.61	22.95	56.20	4.48
210722 22:39:55	78.62	22.94	56.03	4.45
210722 22:40:00	78.61	22.93	55.98	4.45
210722 22:40:05	78.60	22.95	56.19	4.43
210722 22:40:10	78.60	22.96	55.96	4.45
210722 22:40:16	78.60	22.98	56.21	4.44
210722 22:40:21	78.61	23.00	56.15	4.44
210722 22:40:26	78.60	23.03	56.36	4.45
210722 22:40:31	78.61	23.04	56.34	4.48
210722 22:40:36	78.60	23.05	56.73	4.43
210722 22:40:41	78.61	23.06	56.16	4.43
210722 22:40:46	78.60	23.07	56.59	4.48
210722 22:40:51	78.60	23.08	56.35	4.48
210722 22:40:56	78.61	23.09	56.24	4.45
210722 22:41:01	78.60	23.10	56.27	4.45
210722 22:41:06	78.61	23.10	56.42	4.45
210722 22:41:11	78.60	23.11	55.80	4.44
210722 22:41:16	78.61	23.12	55.86	4.45
210722 22:41:21	78.61	23.13	56.29	4.44
210722 22:41:26	78.60	23.14	56.68	4.47
210722 22:41:31	78.61	23.14	56.08	4.44
210722 22:41:36	78.61	23.15	56.29	4.45
210722 22:41:41	78.61	23.15	56.28	4.45
210722 22:41:46	78.61	23.16	56.39	4.45
210722 22:41:51	78.62	23.17	56.74	4.48
210722 22:41:56	78.61	23.17	55.84	4.48
210722 22:42:01	78.61	23.17	56.28	4.45
210722 22:42:06	78.61	23.20	56.26	4.45
210722 22:42:11	78.61	23.20	56.10	4.48
210722 22:42:16	78.61	23.20	56.08	4.43
210722 22:42:21	78.61	23.20	56.39	4.47
210722 22:42:26	78.61	23.21	55.96	4.45
210722 22:42:31	78.61	23.22	56.21	4.45
210722 22:42:36	78.61	23.23	56.02	4.45
210722 22:42:41	78.61	23.24	56.04	4.45
210722 22:42:46	78.61	23.24	56.39	4.43
210722 22:42:51	78.62	23.24	55.75	4.45
210722 22:42:56	78.61	23.25	56.12	4.44
210722 22:43:01	78.61	23.25	56.09	4.46
210722 22:43:06	78.61	23.25	56.20	4.43
210722 22:43:11	78.62	23.26	56.15	4.43
210722 22:43:16	78.61	23.28	56.25	4.46
210722 22:43:21	78.60	23.27	55.54	4.45
210722 22:43:26	78.61	23.28	56.50	4.48
210722 22:43:31	78.61	23.29	56.03	4.43
210722 22:43:36	78.61	23.28	56.04	4.45
210722 22:43:41	78.61	23.28	56.36	4.48
210722 22:43:46	78.61	23.30	56.10	4.45
210722 22:43:51	78.61	23.30	56.07	4.48
210722 22:43:56	78.61	23.30	55.73	4.45
210722 22:44:01	78.61	23.32	56.33	4.48
210722 22:44:06	78.61	23.32	55.79	4.43
210722 22:44:11	78.61	23.32	55.93	4.45
210722 22:44:16	78.61	23.32	55.91	4.48
210722 22:44:21	78.61	23.34	56.62	4.44
210722 22:44:26	78.62	23.33	56.14	4.48
210722 22:44:31	78.61	23.34	55.61	4.43
210722 22:44:36	78.61	23.35	55.59	4.48
210722 22:44:41	78.61	23.34	56.06	4.42
210722 22:44:47	78.62	23.34	55.86	4.48
210722 22:44:52	78.61	23.35	55.82	4.48
210722 22:44:57	78.61	23.35	55.99	4.43
210722 22:45:02	78.62	23.35	55.50	4.45
210722 22:45:07	78.62	23.36	55.56	4.47
210722 22:45:12	78.62	23.36	55.96	4.45
210722 22:45:17	78.61	23.36	55.02	4.43
210722 22:45:22	78.61	23.36	55.47	4.48
210722 22:45:27	78.62	23.37	54.97	4.43
210722 22:45:32	78.62	23.37	55.58	4.47
210722 22:45:37	78.61	23.37	56.12	4.45
210722 22:45:42	78.62	23.37	55.96	4.48
210722 22:45:47	78.61	23.39	55.92	4.48
210722 22:45:52	78.61	23.39	55.84	4.46
210722 22:45:57	78.62	23.38	55.78	4.48
210722 22:46:02	78.62	23.39	55.17	4.44
210722 22:46:07	78.62	23.39	55.59	4.48
210722 22:46:12	78.62	23.40	55.84	4.45
210722 22:46:17	78.61	23.40	56.01	4.45
210722 22:46:22	78.61	23.42	55.93	4.45
210722 22:46:27	78.62	23.41	55.65	4.45
210722 22:46:32	78.61	23.42	55.74	4.43
210722 22:46:37	78.62	23.42	55.74	4.45
210722 22:46:42	78.62	23.42	55.72	4.50
210722 22:46:47	78.62	23.41	55.65	4.45
210722 22:46:52	78.61	23.43	56.21	4.45
210722 22:46:57	78.62	23.42	56.01	4.45
210722 22:47:02	78.62	23.42	55.71	4.48
210722 22:47:07	78.61	23.42	55.63	4.46
210722 22:47:12	78.61	23.43	55.60	4.45
210722 22:47:17	78.62	23.43	55.59	4.47
210722 22:47:22	78.62	23.43	55.77	4.45
210722 22:47:27	78.62	23.44	56.25	4.45
210722 22:47:32	78.62	23.43	55.69	4.45
210722 22:47:37	78.62	23.43	55.39	4.42
210722 22:47:42	78.62	23.43	55.22	4.44
210722 22:47:47	78.62	23.43	55.39	4.45
210722 22:47:52	78.62	23.43	55.89	4.47
210722 22:47:57	78.61	23.42	54.90	4.46
210722 22:48:02	78.62	23.44	54.92	4.43
210722 22:48:07	78.62	23.43	54.86	4.43
210722 22:48:12	78.62	23.43	55.60	4.45
210722 22:48:17	78.62	23.43	56.14	4.44
210722 22:48:22	78.62	23.44	55.49	4.45
210722 22:48:27	78.63	23.44	56.14	4.45
210722 22:48:32	78.62	23.44	55.51	4.45
210722 22:48:37	78.62	23.45	55.48	4.44
210722 22:48:42	78.61	23.44	55.49	4.48
210722 22:48:47	78.63	23.44	55.59	4.44
210722 22:48:52	78.62	23.44	55.69	4.45
210722 22:48:57	78.62	23.44	55.16	4.48
210722 22:49:02	78.62	23.45	55.91	4.45
210722 22:49:07	78.62	23.44	55.46	4.45
210722 22:49:12	78.62	23.44	55.45	4.45
210722 22:49:17	78.62	23.45	55.43	4.45
210722 22:49:22	78.62	23.43	55.45	4.46
210722 22:49:27	78.62	23.43	55.45	4.45
210722 22:49:32	78.63	23.45	55.44	4.45
210722 22:49:37	78.61	23.44	55.42	4.45
210722 22:49:42	78.62	23.45	55.48	4.48
210722 22:49:47	78.62	23.44	55.71	4.45
210722 22:49:52	78.62	23.45	54.97	4.44
210722 22:49:57	78.62	23.45	55.42	4.48
210722 22:50:02	78.62	23.44	54.88	4.45
210722 22:50:07	78.62	23.45	55.78	4.47
210722 22:50:13	78.62	23.45	55.47	4.45
210722 22:50:18	78.62	23.45	55.42	4.48
210722 22:50:23	78.62	23.45	55.30	4.45
210722 22:50:28	78.62	23.46	55.68	4.45
210722 22:50:33	78.62	23.46	55.53	4.45
210722 22:50:38	78.62	23.45	55.35	4.44
210722 22:50:43	78.62	23.45	54.79	4.47
210722 22:50:48	78.62	23.45	54.87	4.45
210722 22:50:53	78.62	23.45	55.14	4.48
210722 22:50:58	78.62	23.45	55.40	4.48
210722 22:51:03	78.62	23.46	55.32	4.48
210722 22:51:08	78.62	23.45	55.34	4.46
210722 22:51:13	78.63	23.45	55.30	4.43
210722 22:51:18	78.62	23.46	55.79	4.46
210722 22:51:23	78.62	23.46	54.85	4.45
210722 22:51:28	78.62	23.45	55.41	4.44
210722 22:51:33	78.62	23.45	55.22	4.48
210722 22:51:38	78.62	23.45	54.95	4.45
210722 22:51:43	78.62	23.45	55.21	4.43
210722 22:51:48	78.62	23.46	55.22	4.45
210722 22:51:53	78.62	23.46	55.17	4.43
210722 22:51:58	78.62	23.45	55.19	4.45
210722 22:52:03	78.62	23.46	55.17	4.50
210722 22:52:08	78.62	23.45	55.14	4.45
210722 22:52:13	78.62	23.45	55.86	4.43
210722 22:52:18	78.62	23.47	55.01	4.45
210722 22:52:23	78.62	23.47	54.87	4.45
210722 22:52:28	78.62	23.45	55.15	4.45
210722 22:52:33	78.62	23.47	55.10	4.42
210722 22:52:38	78.62	23.46	55.08	4.48
210722 22:52:43	78.63	23.47	54.36	4.46
210722 22:52:48	78.63	23.47	54.57	4.48
210722 22:52:53	78.62	23.47	55.08	4.45
210722 22:52:58	78.62	23.45	55.62	4.45
210722 22:53:03	78.62	23.46	54.72	4.47
210722 22:53:08	78.63	23.46	55.08	4.45
210722 22:53:13	78.62	23.47	55.09	4.42
210722 22:53:18	78.62	23.46	55.08	4.45
210722 22:53:23	78.63	23.46	55.10	4.46
210722 22:53:28	78.62	23.46	54.65	4.48
210722 22:53:33	78.62	23.47	55.12	4.44
210722 22:53:38	78.62	23.45	54.76	4.45
210722 22:53:43	78.63	23.45	55.30	4.48
210722 22:53:48	78.62	23.47	55.05	4.44
210722 22:53:53	78.62	23.46	55.03	4.48
210722 22:53:58	78.63	23.45	55.03	4.45
210722 22:54:03	78.62	23.45	55.04	4.45
210722 22:54:08	78.63	23.46	55.12	4.47
210722 22:54:13	78.62	23.46	55.59	4.45
210722 22:54:18	78.62	23.45	55.13	4.48
210722 22:54:23	78.63	23.46	54.96	4.45
210722 22:54:28	78.63	23.46	54.78	4.43
210722 22:54:33	78.63	23.45	54.72	4.45
210722 22:54:38	78.62	23.46	55.06	4.45
210722 22:54:43	78.62	23.47	56.07	4.44
210722 22:54:48	78.62	23.46	54.70	4.45
210722 22:54:53	78.63	23.45	54.96	4.45
210722 22:54:58	78.62	23.46	54.98	4.48
210722 22:55:03	78.62	23.46	54.98	4.46
210722 22:55:08	78.63	23.46	54.97	4.45
210722 22:55:13	78.62	23.45	54.97	4.45
210722 22:55:18	78.62	23.46	55.28	4.46
210722 22:55:23	78.62	23.45	54.93	4.45
210722 22:55:28	78.62	23.46	54.99	4.45
210722 22:55:33	78.62	23.45	55.13	4.45
210722 22:55:39	78.63	23.46	55.19	4.45
210722 22:55:44	78.63	23.46	54.65	4.43
210722 22:55:49	78.63	23.45	54.89	4.47
210722 22:55:54	78.62	23.45	54.94	4.48
210722 22:55:59	78.63	23.46	55.07	4.47
210722 22:56:04	78.62	23.47	54.64	4.45
210722 22:56:09	78.63	23.45	54.51	4.48
210722 22:56:14	78.63	23.45	54.85	4.46
210722 22:56:19	78.63	23.45	55.47	4.48
210722 22:56:24	78.62	23.45	54.81	4.45
210722 22:56:29	78.63	23.44	55.14	4.45
210722 22:56:34	78.63	23.45	54.97	4.42
210722 22:56:39	78.63	23.45	55.17	4.48
210722 22:56:44	78.63	23.45	54.86	4.45
210722 22:56:49	78.63	23.45	54.50	4.48
210722 22:56:54	78.62	23.46	55.25	4.45
210722 22:56:59	78.63	23.47	55.23	4.47
210722 22:57:04	78.62	23.46	54.75	4.43
210722 22:57:09	78.62	23.46	54.86	4.44
210722 22:57:14	78.62	23.46	55.30	4.46
210722 22:57:19	78.62	23.47	55.19	4.44
210722 22:57:24	78.63	23.45	54.57	4.49
210722 22:57:29	78.63	23.46	54.53	4.46
210722 22:57:34	78.62	23.46	54.74	4.45
210722 22:57:39	78.62	23.48	55.18	4.48
210722 22:57:44	78.62	23.46	55.25	4.48
210722 22:57:49	78.62	23.46	54.55	4.45
210722 22:57:54	78.62	23.46	55.32	4.46
210722 22:57:59	78.62	23.45	55.05	4.45
210722 22:58:04	78.63	23.45	54.46	4.48
210722 22:58:09	78.62	23.45	55.12	4.45
210722 22:58:14	78.62	23.44	54.84	4.45
210722 22:58:19	78.62	23.44	54.84	4.42
210722 22:58:24	78.63	23.45	55.29	4.44
210722 22:58:29	78.62	23.45	55.04	4.44
210722 22:58:34	78.63	23.45	55.01	4.45
210722 22:58:39	78.62	23.44	55.34	4.48
210722 22:58:44	78.63	23.45	55.49	4.42
210722 22:58:49	78.62	23.45	55.12	4.48
210722 22:58:54	78.62	23.46	54.92	4.45
210722 22:58:59	78.62	23.44	55.08	4.44
210722 22:59:04	78.62	23.45	55.42	4.46
210722 22:59:09	78.63	23.43	54.78	4.45
210722 22:59:14	78.63	23.45	54.78	4.45
210722 22:59:19	78.62	23.44	54.77	4.45
210722 22:59:24	78.62	23.44	54.77	4.42
210722 22:59:29	78.62	23.44	54.78	4.48
210722 22:59:34	78.62	23.44	55.56	4.47
210722 22:59:39	78.62	23.45	54.31	4.46
210722 22:59:44	78.62	23.45	54.74	4.42
210722 22:59:49	78.62	23.45	54.16	4.45
210722 22:59:54	78.62	23.44	54.24	4.46
210722 22:59:59	78.63	23.44	54.73	4.48
210722 23:00:04	78.62	23.45	54.67	4.45
210722 23:00:09	78.63	23.45	54.79	4.48
210722 23:00:14	78.63	23.45	54.74	4.45
210722 23:00:19	78.63	23.44	54.68	4.45
210722 23:00:24	78.63	23.43	54.74	4.45
210722 23:00:29	78.62	23.44	54.46	4.45
210722 23:00:34	78.63	23.43	55.25	4.43
210722 23:00:39	78.62	23.44	54.72	4.43
210722 23:00:44	78.62	23.43	54.74	4.45
210722 23:00:50	78.63	23.44	54.33	4.45
210722 23:00:55	78.62	23.44	54.80	4.45
210722 23:01:00	78.63	23.44	55.02	4.42
210722 23:01:05	78.63	23.44	54.30	4.45
210722 23:01:10	78.63	23.44	54.68	4.46
210722 23:01:15	78.63	23.44	54.88	4.45
210722 23:01:20	78.62	23.45	54.72	4.46
210722 23:01:25	78.62	23.45	54.64	4.45
210722 23:01:30	78.63	23.46	54.21	4.42
210722 23:01:35	78.64	23.44	54.37	4.42
210722 23:01:40	78.63	23.45	55.00	4.47
210722 23:01:45	78.63	23.45	54.72	4.45
210722 23:01:50	78.63	23.45	54.68	4.48
210722 23:01:55	78.62	23.46	54.63	4.45
210722 23:02:00	78.63	23.46	54.82	4.43
210722 23:02:05	78.63	23.46	54.66	4.45
210722 23:02:10	78.63	23.46	54.83	4.48
210722 23:02:15	78.63	23.46	54.89	4.45
210722 23:02:20	78.63	23.45	54.29	4.45
210722 23:02:25	78.63	23.45	54.39	4.45
210722 23:02:30	78.63	23.46	54.79	4.45
210722 23:02:35	78.64	23.46	54.47	4.42
210722 23:02:40	78.63	23.46	55.12	4.45
210722 23:02:45	78.63	23.46	54.32	4.45
210722 23:02:50	78.63	23.44	54.87	4.47
210722 23:02:55	78.63	23.45	54.75	4.42
210722 23:03:00	78.62	23.45	55.15	4.45
210722 23:03:05	78.62	23.45	55.03	4.43
210722 23:03:10	78.63	23.46	54.83	4.45
210722 23:03:15	78.62	23.46	54.81	4.44
210722 23:03:20	78.63	23.45	54.51	4.42
210722 23:03:25	78.63	23.45	54.66	4.43
210722 23:03:30	78.63	23.45	54.96	4.45
210722 23:03:35	78.63	23.46	55.00	4.43
210722 23:03:40	78.63	23.44	54.43	4.42
210722 23:03:45	78.63	23.46	54.82	4.48
210722 23:03:50	78.63	23.45	54.67	4.45
210722 23:03:55	78.62	23.45	55.01	4.46
210722 23:04:00	78.63	23.45	54.83	4.42
210722 23:04:05	78.63	23.46	54.77	4.47
210722 23:04:10	78.63	23.45	54.67	4.48
210722 23:04:15	78.63	23.46	54.58	4.42
210722 23:04:20	78.62	23.47	54.86	4.45
210722 23:04:25	78.63	23.47	54.67	4.46
210722 23:04:30	78.63	23.46	54.67	4.48
210722 23:04:35	78.63	23.46	54.67	4.47
210722 23:04:40	78.63	23.47	54.65	4.45
210722 23:04:45	78.64	23.47	54.65	4.46
210722 23:04:50	78.63	23.47	55.12	4.47
210722 23:04:55	78.63	23.47	54.81	4.45
210722 23:05:00	78.63	23.47	54.65	4.45
210722 23:05:05	78.63	23.48	54.70	4.46
210722 23:05:10	78.63	23.48	55.44	4.45
210722 23:05:15	78.63	23.48	55.07	4.48
210722 23:05:20	78.63	23.48	54.79	4.42
210722 23:05:26	78.63	23.48	54.28	4.42
210722 23:05:31	78.63	23.48	54.48	4.47
210722 23:05:36	78.63	23.48	54.57	4.42
210722 23:05:41	78.63	23.48	54.35	4.45
210722 23:05:46	78.63	23.48	54.95	4.46
210722 23:05:51	78.63	23.48	54.64	4.45
210722 23:05:56	78.63	23.49	54.56	4.45
210722 23:06:01	78.62	23.48	54.88	4.44
210722 23:06:06	78.63	23.48	54.70	4.48
210722 23:06:11	78.63	23.49	54.74	4.44
210722 23:06:16	78.63	23.48	54.57	4.45
210722 23:06:21	78.64	23.49	54.94	4.48
210722 23:06:26	78.63	23.49	54.55	4.45
210722 23:06:31	78.63	23.49	54.54	4.45
210722 23:06:36	78.63	23.50	54.83	4.45
210722 23:06:41	78.63	23.49	54.81	4.45
210722 23:06:46	78.63	23.49	54.51	4.43
210722 23:06:51	78.63	23.48	55.14	4.48
210722 23:06:56	78.64	23.48	54.29	4.48
210722 23:07:01	78.64	23.49	54.62	4.48
210722 23:07:06	78.63	23.47	54.22	4.48
210722 23:07:11	78.63	23.48	54.45	4.45
210722 23:07:16	78.64	23.48	54.64	4.45
210722 23:07:21	78.64	23.48	54.27	4.46
210722 23:07:26	78.64	23.48	54.99	4.43
210722 23:07:31	78.64	23.48	54.46	4.48
210722 23:07:36	78.64	23.49	54.25	4.42
210722 23:07:41	78.64	23.49	54.35	4.46
210722 23:07:46	78.64	23.49	54.43	4.48
210722 23:07:51	78.64	23.48	54.43	4.48
210722 23:07:56	78.64	23.50	53.80	4.45
210722 23:08:01	78.63	23.48	54.51	4.48
210722 23:08:06	78.63	23.48	54.42	4.42
210722 23:08:11	78.63	23.48	54.41	4.42
210722 23:08:16	78.64	23.47	54.63	4.46
210722 23:08:21	78.63	23.48	54.11	4.47
210722 23:08:26	78.64	23.48	54.57	4.42
210722 23:08:31	78.64	23.48	54.80	4.45
210722 23:08:36	78.64	23.48	54.44	4.45
210722 23:08:41	78.64	23.49	54.04	4.43
210722 23:08:46	78.64	23.49	54.72	4.46
210722 23:08:51	78.64	23.48	54.43	4.46
210722 23:08:56	78.64	23.48	54.54	4.45
210722 23:09:01	78.64	23.46	54.12	4.45
210722 23:09:06	78.63	23.46	53.89	4.43
210722 23:09:11	78.64	23.47	54.39	4.45
210722 23:09:16	78.64	23.46	54.69	4.46
210722 23:09:21	78.64	23.47	53.80	4.42
210722 23:09:26	78.64	23.47	54.14	4.46
210722 23:09:31	78.64	23.46	54.44	4.45
210722 23:09:36	78.64	23.46	54.37	4.46
210722 23:09:41	78.65	23.47	53.93	4.45
210722 23:09:46	78.64	23.47	53.82	4.45
210722 23:09:51	78.64	23.47	54.47	4.45
210722 23:09:56	78.64	23.47	54.60	4.45
210722 23:10:02	78.64	23.47	54.34	4.45
210722 23:10:07	78.64	23.47	53.68	4.45
210722 23:10:12	78.64	23.47	54.20	4.48
210722 23:10:17	78.64	23.47	54.29	4.45
210722 23:10:22	78.65	23.48	54.57	4.48
210722 23:10:27	78.65	23.48	54.29	4.42
210722 23:10:32	78.65	23.47	54.46	4.45
210722 23:10:37	78.64	23.47	54.28	4.48
210722 23:10:42	78.64	23.47	54.16	4.43
210722 23:10:47	78.64	23.47	54.16	4.42
210722 23:10:52	78.64	23.47	54.52	4.46
210722 23:10:57	78.65	23.48	55.33	4.47
210722 23:11:02	78.64	23.47	54.30	4.47
210722 23:11:07	78.64	23.48	54.27	4.45
210722 23:11:12	78.65	23.48	54.60	4.46
210722 23:11:17	78.65	23.47	54.56	4.48
210722 23:11:22	78.64	23.47	54.29	4.42
210722 23:11:27	78.65	23.48	54.98	4.48
210722 23:11:32	78.64	23.47	53.94	4.44
210722 23:11:37	78.64	23.47	54.36	4.45
210722 23:11:42	78.64	23.47	54.16	4.45
210722 23:11:47	78.64	23.47	54.50	4.48
210722 23:11:52	78.64	23.47	54.00	4.45
210722 23:11:57	78.65	23.47	54.48	4.46
210722 23:12:02	78.65	23.47	54.31	4.48
210722 23:12:07	78.65	23.47	54.29	4.45
210722 23:12:12	78.65	23.47	54.68	4.48
210722 23:12:17	78.65	23.47	54.28	4.44
210722 23:12:22	78.64	23.47	54.29	4.48
210722 23:12:27	78.64	23.47	54.22	4.46
210722 23:12:32	78.65	23.47	53.65	4.42
210722 23:12:37	78.65	23.47	54.29	4.47
210722 23:12:42	78.66	23.47	54.25	4.42
210722 23:12:47	78.65	23.47	54.18	4.48
210722 23:12:52	78.65	23.47	54.48	4.44
210722 23:12:57	78.65	23.47	54.04	4.47
210722 23:13:02	78.65	23.47	54.04	4.45
210722 23:13:07	78.65	23.47	53.96	4.45
210722 23:13:12	78.64	23.47	54.12	4.42
210722 23:13:17	78.65	23.47	54.73	4.43
210722 23:13:22	78.65	23.47	54.28	4.45
210722 23:13:27	78.65	23.47	54.23	4.44
210722 23:13:32	78.66	23.48	53.96	4.42
210722 23:13:37	78.65	23.47	54.30	4.48
210722 23:13:42	78.65	23.46	54.23	4.47
210722 23:13:47	78.65	23.46	54.20	4.45
210722 23:13:52	78.65	23.46	54.33	4.45
210722 23:13:57	78.65	23.47	54.25	4.47
210722 23:14:02	78.65	23.47	54.66	4.46
210722 23:14:07	78.66	23.46	53.92	4.44
210722 23:14:12	78.65	23.47	54.69	4.46
210722 23:14:17	78.65	23.46	53.96	4.42
210722 23:14:22	78.65	23.46	54.21	4.44
210722 23:14:27	78.65	23.47	54.74	4.48
210722 23:14:33	78.65	23.47	54.25	4.45
210722 23:14:38	78.66	23.46	54.22	4.45
210722 23:14:43	78.66	23.46	54.73	4.42
210722 23:14:48	78.65	23.46	54.94	4.46
210722 23:14:53	78.65	23.45	54.05	4.48
210722 23:14:58	78.65	23.44	53.92	4.48
210722 23:15:03	78.65	23.45	53.75	4.48
210722 23:15:08	78.65	23.45	53.59	4.45
210722 23:15:13	78.65	23.45	54.55	4.46
210722 23:15:18	78.65	23.45	54.26	4.46
210722 23:15:23	78.65	23.45	53.96	4.46
210722 23:15:28	78.65	23.45	54.22	4.46
210722 23:15:33	78.66	23.45	53.80	4.44
210722 23:15:38	78.65	23.45	54.24	4.45
210722 23:15:43	78.66	23.45	54.93	4.48
210722 23:15:48	78.66	23.44	54.26	4.46
210722 23:15:53	78.65	23.45	54.64	4.45
210722 23:15:58	78.66	23.44	54.81	4.45
210722 23:16:03	78.65	23.45	54.32	4.46
210722 23:16:08	78.66	23.44	53.71	4.44
210722 23:16:13	78.65	23.44	53.98	4.45
210722 23:16:18	78.65	23.44	54.28	4.48
210722 23:16:23	78.65	23.45	54.57	4.45
210722 23:16:28	78.65	23.45	54.26	4.45
210722 23:16:33	78.65	23.45	53.92	4.47
210722 23:16:38	78.65	23.44	54.21	4.48
210722 23:16:43	78.65	23.45	54.66	4.46
210722 23:16:48	78.65	23.44	53.88	4.46
210722 23:16:53	78.66	23.45	54.28	4.48
210722 23:16:58	78.66	23.46	53.38	4.45
210722 23:17:03	78.65	23.45	54.60	4.44
210722 23:17:08	78.65	23.45	54.27	4.44
210722 23:17:13	78.65	23.44	54.54	4.47
210722 23:17:18	78.65	23.45	54.11	4.45
210722 23:17:23	78.65	23.44	53.97	4.45
210722 23:17:28	78.65	23.45	54.49	4.45
210722 23:17:33	78.66	23.44	54.23	4.45
210722 23:17:38	78.65	23.45	54.43	4.48
210722 23:17:43	78.66	23.44	53.88	4.42
210722 23:17:48	78.65	23.44	53.98	4.45
210722 23:17:53	78.66	23.44	54.34	4.44
210722 23:17:58	78.65	23.43	54.52	4.44
210722 23:18:03	78.66	23.45	53.99	4.44
210722 23:18:08	78.65	23.44	54.22	4.45
210722 23:18:13	78.65	23.44	53.87	4.45
210722 23:18:18	78.66	23.43	53.30	4.42
210722 23:18:23	78.65	23.44	54.22	4.42
210722 23:18:28	78.65	23.43	54.60	4.45
210722 23:18:33	78.66	23.45	54.14	4.46
210722 23:18:38	78.65	23.44	54.24	4.44
210722 23:18:43	78.65	23.44	53.85	4.47
210722 23:18:48	78.65	23.44	54.38	4.45
210722 23:18:53	78.65	23.44	54.93	4.48
210722 23:18:58	78.66	23.44	54.63	4.46
210722 23:19:03	78.65	23.44	53.75	4.45
210722 23:19:09	78.65	23.43	53.75	4.42
210722 23:19:14	78.65	23.44	53.74	4.45
210722 23:19:19	78.65	23.44	54.40	4.43
210722 23:19:24	78.65	23.44	54.25	4.44
210722 23:19:29	78.66	23.43	54.19	4.45
210722 23:19:34	78.65	23.43	54.24	4.45
210722 23:19:39	78.66	23.43	54.53	4.44
210722 23:19:44	78.65	23.43	54.22	4.48
210722 23:19:49	78.66	23.42	53.89	4.48
210722 23:19:54	78.66	23.43	54.66	4.45
210722 23:19:59	78.66	23.43	54.51	4.45
210722 23:20:04	78.65	23.44	54.22	4.46
210722 23:20:09	78.66	23.43	54.54	4.45
210722 23:20:14	78.65	23.43	53.69	4.42
210722 23:20:19	78.65	23.43	54.23	4.45
210722 23:20:24	78.65	23.44	54.59	4.45
210722 23:20:29	78.66	23.43	54.22	4.45
210722 23:20:34	78.65	23.43	53.83	4.45
210722 23:20:39	78.66	23.42	53.89	4.44
210722 23:20:44	78.66	23.43	54.04	4.47
210722 23:20:49	78.66	23.42	53.98	4.45
210722 23:20:54	78.66	23.42	54.17	4.43
210722 23:20:59	78.66	23.42	54.48	4.45
210722 23:21:04	78.65	23.41	54.18	4.45
210722 23:21:09	78.65	23.43	54.60	4.47
210722 23:21:14	78.66	23.42	53.71	4.45
210722 23:21:19	78.66	23.43	54.30	4.45
210722 23:21:24	78.66	23.42	54.14	4.45
210722 23:21:29	78.66	23.42	54.16	4.45
210722 23:21:34	78.65	23.43	54.00	4.47
210722 23:21:39	78.66	23.42	54.15	4.45
210722 23:21:44	78.66	23.44	54.16	4.42
210722 23:21:49	78.66	23.43	54.25	4.45
210722 23:21:54	78.65	23.42	55.35	4.46
210722 23:21:59	78.66	23.42	54.16	4.44
210722 23:22:04	78.65	23.43	54.00	4.45
210722 23:22:09	78.66	23.44	54.28	4.43
210722 23:22:14	78.66	23.43	54.07	4.48
210722 23:22:19	78.65	23.42	54.40	4.48
210722 23:22:24	78.66	23.44	54.24	4.42
210722 23:22:29	78.66	23.43	54.62	4.44
210722 23:22:34	78.66	23.42	54.26	4.42
210722 23:22:39	78.66	23.43	54.56	4.45
210722 23:22:44	78.66	23.43	54.24	4.48
210722 23:22:49	78.66	23.42	53.91	4.46
210722 23:22:54	78.65	23.42	53.96	4.42
210722 23:22:59	78.65	23.43	54.34	4.48
210722 23:23:04	78.66	23.43	53.94	4.42
210722 23:23:09	78.66	23.43	54.22	4.44
210722 23:23:14	78.66	23.43	54.28	4.45
210722 23:23:19	78.65	23.42	54.17	4.47
210722 23:23:24	78.65	23.42	54.23	4.45
210722 23:23:29	78.66	23.41	54.63	4.45
210722 23:23:34	78.65	23.41	54.16	4.42
210722 23:23:40	78.66	23.42	54.43	4.45
210722 23:23:45	78.65	23.41	54.13	4.46
210722 23:23:50	78.66	23.41	54.08	4.44
210722 23:23:55	78.66	23.41	53.85	4.42
210722 23:24:00	78.66	23.41	54.33	4.45
210722 23:24:05	78.66	23.42	54.03	4.45
210722 23:24:10	78.66	23.41	54.12	4.44
210722 23:24:15	78.66	23.40	54.83	4.47
210722 23:24:20	78.66	23.41	54.45	4.46
210722 23:24:25	78.66	23.41	54.40	4.44
210722 23:24:30	78.66	23.41	54.34	4.42
210722 23:24:35	78.66	23.42	54.63	4.48
210722 23:24:40	78.67	23.42	53.80	4.45
210722 23:24:45	78.65	23.42	54.62	4.47
210722 23:24:50	78.66	23.42	54.12	4.45
210722 23:24:55	78.66	23.42	53.95	4.48
210722 23:25:00	78.66	23.42	54.48	4.45
210722 23:25:05	78.66	23.42	54.35	4.47
210722 23:25:10	78.66	23.42	55.05	4.42
210722 23:25:15	78.66	23.42	54.42	4.45
210722 23:25:20	78.66	23.41	54.86	4.45
210722 23:25:25	78.66	23.41	54.29	4.46
210722 23:25:30	78.66	23.40	53.79	4.45
210722 23:25:35	78.65	23.41	54.15	4.45
210722 23:25:40	78.66	23.42	54.05	4.45
210722 23:25:45	78.66	23.41	53.87	4.45
210722 23:25:50	78.66	23.40	53.42	4.48
210722 23:25:55	78.66	23.39	54.43	4.45
210722 23:26:00	78.66	23.39	54.13	4.45
210722 23:26:05	78.66	23.39	54.17	4.44
210722 23:26:10	78.67	23.40	53.82	4.43
210722 23:26:15	78.66	23.39	54.16	4.43
210722 23:26:20	78.65	23.39	53.96	4.45
210722 23:26:25	78.65	23.39	53.97	4.47
210722 23:26:30	78.66	23.38	54.04	4.47
210722 23:26:35	78.67	23.38	54.15	4.45
210722 23:26:40	78.66	23.38	53.84	4.45
210722 23:26:45	78.66	23.39	53.92	4.44
210722 23:26:50	78.66	23.38	53.78	4.42
210722 23:26:55	78.66	23.37	54.56	4.43
210722 23:27:00	78.66	23.38	54.16	4.45
210722 23:27:05	78.66	23.38	54.75	4.45
210722 23:27:10	78.66	23.36	54.38	4.42
210722 23:27:15	78.66	23.37	53.84	4.45
210722 23:27:20	78.66	23.37	54.23	4.48
210722 23:27:25	78.66	23.37	53.53	4.47
210722 23:27:30	78.65	23.37	54.15	4.45
210722 23:27:35	78.66	23.37	54.90	4.45
210722 23:27:40	78.66	23.37	53.62	4.45
210722 23:27:45	78.66	23.36	54.78	4.48
210722 23:27:50	78.66	23.36	54.51	4.47
210722 23:27:55	78.66	23.36	54.53	4.48
210722 23:28:00	78.66	23.37	54.20	4.48
210722 23:28:05	78.67	23.37	54.53	4.47
210722 23:28:10	78.65	23.36	54.17	4.45
210722 23:28:16	78.66	23.35	54.54	4.45
210722 23:28:21	78.67	23.36	53.77	4.43
210722 23:28:26	78.67	23.35	54.48	4.46
210722 23:28:31	78.67	23.35	53.85	4.47
210722 23:28:36	78.67	23.36	54.45	4.45
210722 23:28:41	78.66	23.36	54.46	4.42
210722 23:28:46	78.67	23.35	54.05	4.43
210722 23:28:51	78.66	23.35	54.17	4.46
210722 23:28:56	78.67	23.34	54.11	4.45
210722 23:29:01	78.67	23.34	54.06	4.44
210722 23:29:06	78.67	23.35	54.17	4.45
210722 23:29:11	78.67	23.35	54.08	4.45
210722 23:29:16	78.67	23.36	53.70	4.45
210722 23:29:21	78.67	23.35	54.38	4.43
210722 23:29:26	78.67	23.35	54.00	4.45
210722 23:29:31	78.67	23.36	54.26	4.45
210722 23:29:36	78.67	23.35	53.84	4.45
210722 23:29:41	78.67	23.35	54.08	4.45
210722 23:29:46	78.68	23.35	54.05	4.47
210722 23:29:51	78.67	23.34	54.06	4.43
210722 23:29:56	78.67	23.35	53.88	4.44
210722 23:30:01	78.68	23.35	53.63	4.44
210722 23:30:06	78.67	23.34	54.49	4.45
210722 23:30:11	78.68	23.34	53.65	4.46
210722 23:30:16	78.67	23.34	53.84	4.45
210722 23:30:21	78.67	23.34	53.69	4.45
210722 23:30:26	78.67	23.34	54.25	4.45
210722 23:30:31	78.67	23.35	54.27	4.43
210722 23:30:36	78.67	23.34	54.29	4.42
210722 23:30:41	78.67	23.33	54.22	4.44
210722 23:30:46	78.68	23.34	54.02	4.45
210722 23:30:51	78.68	23.33	53.76	4.45
210722 23:30:56	78.68	23.33	53.69	4.45
210722 23:31:01	78.68	23.33	54.62	4.45
210722 23:31:06	78.68	23.34	54.37	4.45
210722 23:31:11	78.67	23.32	53.67	4.43
210722 23:31:16	78.66	23.33	54.12	4.45
210722 23:31:21	78.67	23.34	53.75	4.45
210722 23:31:26	78.68	23.33	54.81	4.42
210722 23:31:31	78.67	23.32	54.10	4.45
210722 23:31:36	78.67	23.32	53.97	4.43
210722 23:31:41	78.68	23.32	53.86	4.47
210722 23:31:46	78.68	23.32	54.12	4.45
210722 23:31:51	78.68	23.32	54.32	4.47
210722 23:31:56	78.67	23.33	54.10	4.45
210722 23:32:01	78.67	23.31	54.27	4.45
210722 23:32:06	78.67	23.31	54.09	4.42
210722 23:32:11	78.68	23.32	53.46	4.48
210722 23:32:16	78.67	23.32	53.95	4.42
210722 23:32:21	78.68	23.32	53.59	4.45
210722 23:32:26	78.68	23.32	54.08	4.42
210722 23:32:31	78.67	23.32	54.17	4.45
210722 23:32:36	78.67	23.32	53.67	4.48
210722 23:32:41	78.68	23.32	54.16	4.44
210722 23:32:47	78.68	23.30	54.14	4.48
210722 23:32:52	78.67	23.30	54.73	4.47
210722 23:32:57	78.68	23.30	54.18	4.42
210722 23:33:02	78.67	23.30	53.87	4.45
210722 23:33:07	78.68	23.30	53.91	4.45
210722 23:33:12	78.67	23.30	54.89	4.47
210722 23:33:17	78.68	23.31	54.58	4.42
210722 23:33:22	78.67	23.31	53.81	4.45
210722 23:33:27	78.67	23.32	53.88	4.45
210722 23:33:32	78.68	23.30	54.41	4.45
210722 23:33:37	78.67	23.30	54.08	4.47
210722 23:33:42	78.67	23.30	54.38	4.42
210722 23:33:47	78.67	23.30	54.09	4.44
210722 23:33:52	78.67	23.30	54.08	4.45
210722 23:33:57	78.67	23.29	53.78	4.47
210722 23:34:02	78.67	23.30	53.81	4.47
210722 23:34:07	78.68	23.32	53.13	4.45
210722 23:34:12	78.68	23.31	54.00	4.45
210722 23:34:17	78.68	23.30	54.33	4.45
210722 23:34:22	78.68	23.30	53.93	4.47
210722 23:34:27	78.68	23.30	53.68	4.45
210722 23:34:32	78.67	23.30	54.05	4.45
210722 23:34:37	78.67	23.29	53.82	4.45
210722 23:34:42	78.68	23.30	54.04	4.45
210722 23:34:47	78.67	23.29	53.69	4.47
210722 23:34:52	78.67	23.30	54.05	4.45
210722 23:34:57	78.67	23.29	54.00	4.42
210722 23:35:02	78.68	23.29	54.27	4.42
210722 23:35:07	78.68	23.30	54.35	4.45
210722 23:35:12	78.67	23.29	53.79	4.42
210722 23:35:17	78.68	23.29	54.41	4.47
210722 23:35:22	78.68	23.30	53.83	4.45
210722 23:35:27	78.67	23.29	54.10	4.45
210722 23:35:32	78.68	23.30	53.43	4.45
210722 23:35:37	78.67	23.29	53.90	4.46
210722 23:35:42	78.68	23.29	54.23	4.45
210722 23:35:47	78.68	23.29	53.99	4.47
210722 23:35:52	78.68	23.30	54.21	4.46
210722 23:35:57	78.68	23.30	54.20	4.45
210722 23:36:02	78.68	23.30	53.82	4.47
210722 23:36:07	78.68	23.29	54.45	4.44
210722 23:36:12	78.68	23.29	54.53	4.42
210722 23:36:17	78.68	23.29	53.98	4.45
210722 23:36:22	78.68	23.29	53.75	4.45
210722 23:36:27	78.68	23.29	53.98	4.45
210722 23:36:32	78.68	23.28	53.71	4.45
210722 23:36:37	78.68	23.29	54.54	4.45
210722 23:36:42	78.68	23.28	54.11	4.47
210722 23:36:47	78.68	23.28	54.27	4.45
210722 23:36:52	78.68	23.28	53.99	4.43
210722 23:36:57	78.68	23.28	53.71	4.43
210722 23:37:02	78.68	23.28	53.74	4.45
210722 23:37:07	78.69	23.29	53.56	4.45
210722 23:37:12	78.68	23.29	53.95	4.44
210722 23:37:18	78.68	23.29	53.65	4.45
210722 23:37:23	78.68	23.28	54.41	4.44
210722 23:37:28	78.68	23.28	53.87	4.47
210722 23:37:33	78.68	23.29	53.95	4.47
210722 23:37:38	78.68	23.27	54.08	4.47
210722 23:37:43	78.68	23.27	53.92	4.43
210722 23:37:48	78.68	23.28	53.98	4.44
210722 23:37:53	78.68	23.28	53.80	4.42
210722 23:37:58	78.68	23.27	53.75	4.48
210722 23:38:03	78.68	23.27	54.03	4.46
210722 23:38:08	78.69	23.27	53.86	4.45
210722 23:38:13	78.68	23.27	54.12	4.45
210722 23:38:18	78.68	23.26	53.82	4.45
210722 23:38:23	78.68	23.27	54.16	4.47
210722 23:38:28	78.69	23.27	53.95	4.42
210722 23:38:33	78.69	23.27	54.02	4.45
210722 23:38:38	78.68	23.27	53.64	4.42
210722 23:38:43	78.68	23.27	53.91	4.45
210722 23:38:48	78.69	23.27	54.16	4.44
210722 23:38:53	78.69	23.26	53.96	4.45
210722 23:38:58	78.68	23.27	53.91	4.48
210722 23:39:03	78.68	23.27	53.94	4.45
210722 23:39:08	78.68	23.28	53.83	4.43
210722 23:39:13	78.68	23.27	54.26	4.42
210722 23:39:18	78.69	23.26	52.98	4.45
210722 23:39:23	78.69	23.28	53.93	4.45
210722 23:39:28	78.69	23.27	54.64	4.45
210722 23:39:33	78.68	23.27	53.93	4.42
210722 23:39:38	78.69	23.27	54.07	4.42
210722 23:39:43	78.68	23.27	53.93	4.47
210722 23:39:48	78.68	23.27	54.09	4.46
210722 23:39:53	78.69	23.27	53.92	4.45
210722 23:39:58	78.69	23.27	53.82	4.47
210722 23:40:03	78.68	23.26	54.42	4.42
210722 23:40:08	78.69	23.26	54.10	4.44
210722 23:40:13	78.69	23.26	54.54	4.47
210722 23:40:18	78.69	23.27	53.93	4.42
210722 23:40:23	78.69	23.25	53.91	4.45
210722 23:40:28	78.69	23.26	53.72	4.45
210722 23:40:33	78.69	23.26	54.14	4.42
210722 23:40:38	78.68	23.25	53.58	4.42
210722 23:40:43	78.69	23.26	53.95	4.47
210722 23:40:48	78.69	23.26	54.00	4.42
210722 23:40:53	78.69	23.25	53.20	4.45
210722 23:40:58	78.69	23.25	53.92	4.46
210722 23:41:03	78.69	23.25	53.48	4.45
210722 23:41:08	78.69	23.25	54.16	4.44
210722 23:41:13	78.69	23.26	53.90	4.46
210722 23:41:18	78.69	23.25	53.92	4.47
210722 23:41:23	78.69	23.25	53.44	4.45
210722 23:41:28	78.69	23.26	53.93	4.47
210722 23:41:33	78.69	23.25	53.87	4.47
210722 23:41:38	78.69	23.25	53.36	4.45
210722 23:41:43	78.69	23.26	53.88	4.42
210722 23:41:49	78.69	23.25	54.26	4.44
210722 23:41:54	78.69	23.25	53.92	4.45
210722 23:41:59	78.69	23.25	53.78	4.45
210722 23:42:04	78.69	23.24	53.88	4.45
210722 23:42:09	78.69	23.25	53.50	4.44
210722 23:42:14	78.69	23.25	53.88	4.47
210722 23:42:19	78.69	23.24	53.66	4.48
210722 23:42:24	78.70	23.25	53.86	4.45
210722 23:42:29	78.69	23.25	54.39	4.45
210722 23:42:34	78.69	23.25	54.03	4.43
210722 23:42:39	78.69	23.25	53.71	4.44
210722 23:42:44	78.68	23.24	53.84	4.46
210722 23:42:49	78.69	23.24	53.49	4.45
210722 23:42:54	78.69	23.24	53.85	4.43
210722 23:42:59	78.69	23.24	53.75	4.44
210722 23:43:04	78.69	23.24	53.84	4.46
210722 23:43:09	78.69	23.24	53.84	4.45
210722 23:43:14	78.69	23.24	53.61	4.42
210722 23:43:19	78.68	23.23	53.62	4.47
210722 23:43:24	78.69	23.24	54.20	4.44
210722 23:43:29	78.69	23.24	54.38	4.45
210722 23:43:34	78.69	23.24	54.23	4.45
210722 23:43:39	78.69	23.24	53.89	4.45
210722 23:43:44	78.69	23.24	53.48	4.44
210722 23:43:49	78.69	23.24	53.60	4.45
210722 23:43:54	78.68	23.23	53.88	4.41
210722 23:43:59	78.69	23.23	53.90	4.44
210722 23:44:04	78.70	23.24	53.93	4.45
210722 23:44:09	78.69	23.23	54.02	4.45
210722 23:44:14	78.69	23.24	53.81	4.42
210722 23:44:19	78.69	23.23	53.72	4.45
210722 23:44:24	78.69	23.23	53.99	4.47
210722 23:44:29	78.69	23.22	53.98	4.47
210722 23:44:34	78.68	23.23	54.12	4.45
210722 23:44:39	78.69	23.23	53.74	4.44
210722 23:44:44	78.69	23.23	54.26	4.45
210722 23:44:49	78.69	23.22	53.91	4.48
210722 23:44:54	78.69	23.23	54.35	4.45
210722 23:44:59	78.68	23.22	53.49	4.47
210722 23:45:04	78.69	23.22	54.21	4.44
210722 23:45:09	78.69	23.23	53.53	4.42
210722 23:45:14	78.69	23.22	53.90	4.43
210722 23:45:19	78.69	23.23	53.03	4.47
210722 23:45:24	78.69	23.22	53.96	4.44
210722 23:45:29	78.68	23.23	53.60	4.45
210722 23:45:34	78.69	23.22	54.19	4.47
210722 23:45:39	78.69	23.21	53.97	4.45
210722 23:45:44	78.69	23.21	54.20	4.45
210722 23:45:49	78.69	23.22	54.10	4.45
210722 23:45:54	78.69	23.22	53.68	4.47
210722 23:45:59	78.69	23.22	53.87	4.42
210722 23:46:04	78.69	23.22	53.69	4.43
210722 23:46:09	78.68	23.22	53.97	4.45
210722 23:46:14	78.68	23.22	54.44	4.45
210722 23:46:19	78.69	23.22	53.70	4.42
210722 23:46:25	78.68	23.22	54.34	4.44
210722 23:46:30	78.69	23.22	53.80	4.45
210722 23:46:35	78.68	23.22	53.91	4.43
210722 23:46:40	78.68	23.22	53.68	4.45
210722 23:46:45	78.69	23.21	54.08	4.46
210722 23:46:50	78.69	23.22	53.88	4.45
210722 23:46:55	78.69	23.21	53.90	4.41
210722 23:47:00	78.69	23.22	53.91	4.45
210722 23:47:05	78.68	23.21	53.73	4.42
210722 23:47:10	78.69	23.22	54.00	4.45
210722 23:47:15	78.69	23.21	53.88	4.44
210722 23:47:20	78.69	23.21	53.99	4.47
210722 23:47:25	78.68	23.20	54.33	4.45
210722 23:47:30	78.69	23.20	54.02	4.45
210722 23:47:35	78.68	23.19	54.06	4.47
210722 23:47:40	78.69	23.20	54.48	4.46
210722 23:47:45	78.69	23.20	54.06	4.47
210722 23:47:50	78.69	23.20	54.02	4.42
210722 23:47:55	78.69	23.20	54.43	4.45
210722 23:48:00	78.69	23.20	54.02	4.45
210722 23:48:05	78.68	23.19	53.51	4.44
210722 23:48:10	78.68	23.20	54.09	4.44
210722 23:48:15	78.69	23.20	54.15	4.45
210722 23:48:20	78.68	23.20	54.01	4.45
210722 23:48:25	78.68	23.21	53.95	4.47
210722 23:48:30	78.68	23.21	54.00	4.45
210722 23:48:35	78.68	23.21	53.76	4.44
210722 23:48:40	78.68	23.21	54.14	4.43
210722 23:48:45	78.68	23.22	53.76	4.43
210722 23:48:50	78.69	23.22	54.17	4.47
210722 23:48:55	78.69	23.22	53.69	4.45
210722 23:49:00	78.69	23.22	53.97	4.42
210722 23:49:05	78.68	23.22	54.63	4.45
210722 23:49:10	78.68	23.22	53.97	4.45
210722 23:49:15	78.68	23.22	53.33	4.45
210722 23:49:20	78.69	23.22	53.98	4.47
210722 23:49:25	78.69	23.22	54.24	4.45
210722 23:49:30	78.69	23.22	53.78	4.47
210722 23:49:35	78.69	23.22	54.08	4.45
210722 23:49:40	78.68	23.23	54.30	4.44
210722 23:49:45	78.68	23.22	54.15	4.45
210722 23:49:50	78.69	23.23	54.54	4.48
210722 23:49:55	78.68	23.23	53.99	4.45
210722 23:50:00	78.68	23.23	53.96	4.44
210722 23:50:05	78.68	23.23	54.35	4.44
210722 23:50:10	78.68	23.23	53.94	4.45
210722 23:50:15	78.68	23.22	54.27	4.47
210722 23:50:20	78.68	23.24	53.70	4.47
210722 23:50:25	78.68	23.24	54.05	4.42
210722 23:50:30	78.69	23.24	54.13	4.45
210722 23:50:35	78.68	23.22	53.98	4.45
210722 23:50:40	78.68	23.23	53.87	4.45
210722 23:50:45	78.69	23.23	53.98	4.45
210722 23:50:50	78.69	23.23	53.68	4.46
210722 23:50:56	78.69	23.22	54.13	4.46
210722 23:51:01	78.68	23.23	53.69	4.44
210722 23:51:06	78.68	23.24	53.97	4.42
210722 23:51:11	78.68	23.23	54.34	4.46
210722 23:51:16	78.68	23.24	53.94	4.44
210722 23:51:21	78.68	23.25	53.74	4.47
210722 23:51:26	78.68	23.24	53.96	4.45
210722 23:51:31	78.68	23.23	54.10	4.45
210722 23:51:36	78.69	23.24	52.84	4.44
210722 23:51:41	78.68	23.24	54.02	4.47
210722 23:51:46	78.68	23.23	54.31	4.44
210722 23:51:51	78.68	23.22	53.78	4.44
210722 23:51:56	78.68	23.21	53.55	4.44
210722 23:52:01	78.68	23.22	54.06	4.45
210722 23:52:06	78.68	23.21	53.17	4.41
210722 23:52:11	78.68	23.21	53.83	4.47
210722 23:52:16	78.68	23.22	53.56	4.45
210722 23:52:21	78.68	23.21	54.22	4.46
210722 23:52:26	78.68	23.21	53.96	4.44
210722 23:52:31	78.68	23.21	53.85	4.45
210722 23:52:36	78.68	23.22	54.17	4.44
210722 23:52:41	78.69	23.22	54.15	4.45
210722 23:52:46	78.69	23.23	53.80	4.47
210722 23:52:51	78.69	23.22	54.00	4.42
210722 23:52:56	78.68	23.22	53.87	4.42
210722 23:53:01	78.69	23.21	53.86	4.42
210722 23:53:06	78.69	23.23	54.26	4.41
210722 23:53:11	78.69	23.22	53.24	4.45
210722 23:53:16	78.68	23.22	53.89	4.45
210722 23:53:21	78.68	23.22	53.51	4.42
210722 23:53:26	78.69	23.22	53.88	4.45
210722 23:53:31	78.69	23.22	54.34	4.45
210722 23:53:36	78.68	23.22	54.12	4.46
210722 23:53:41	78.68	23.22	53.86	4.45
210722 23:53:46	78.69	23.22	53.69	4.47
210722 23:53:51	78.69	23.23	53.67	4.44
210722 23:53:56	78.68	23.22	53.89	4.42
210722 23:54:01	78.68	23.22	53.70	4.41
210722 23:54:06	78.69	23.22	53.90	4.44
210722 23:54:11	78.68	23.23	53.77	4.45
210722 23:54:16	78.68	23.23	53.85	4.44
210722 23:54:21	78.68	23.23	53.59	4.42
210722 23:54:26	78.68	23.22	53.91	4.47
210722 23:54:31	78.68	23.22	53.79	4.42
210722 23:54:36	78.68	23.22	53.69	4.42
210722 23:54:41	78.68	23.23	53.64	4.46
210722 23:54:46	78.68	23.22	53.94	4.41
210722 23:54:51	78.68	23.22	54.23	4.44
210722 23:54:56	78.69	23.22	53.46	4.46
210722 23:55:01	78.68	23.22	54.01	4.43
210722 23:55:06	78.68	23.23	53.49	4.45
210722 23:55:11	78.69	23.23	53.90	4.43
210722 23:55:16	78.68	23.23	54.16	4.41
210722 23:55:21	78.69	23.23	53.64	4.47
210722 23:55:27	78.68	23.23	54.33	4.45
210722 23:55:32	78.68	23.23	53.90	4.44
210722 23:55:37	78.68	23.21	53.81	4.42
210722 23:55:42	78.68	23.22	54.05	4.45
210722 23:55:47	78.68	23.22	53.63	4.44
210722 23:55:52	78.68	23.22	52.71	4.45
210722 23:55:57	78.68	23.22	53.96	4.47
210722 23:56:02	78.68	23.22	53.95	4.45
210722 23:56:07	78.68	23.22	53.70	4.47
210722 23:56:12	78.68	23.23	53.88	4.46
210722 23:56:17	78.68	23.23	54.02	4.45
210722 23:56:22	78.68	23.21	53.98	4.41
210722 23:56:27	78.68	23.23	53.95	4.42
210722 23:56:32	78.68	23.23	53.97	4.45
210722 23:56:37	78.68	23.23	53.96	4.44
210722 23:56:42	78.69	23.22	53.91	4.47
210722 23:56:47	78.68	23.23	54.16	4.41
210722 23:56:52	78.69	23.23	54.16	4.45
210722 23:56:57	78.68	23.24	54.02	4.44
210722 23:57:02	78.69	23.24	54.50	4.44
210722 23:57:07	78.68	23.24	54.04	4.45
210722 23:57:12	78.68	23.23	54.07	4.45
210722 23:57:17	78.68	23.24	54.31	4.46
210722 23:57:22	78.69	23.25	53.90	4.42
210722 23:57:27	78.69	23.24	54.03	4.41
210722 23:57:32	78.69	23.24	53.97	4.47
210722 23:57:37	78.68	23.23	53.69	4.43
210722 23:57:42	78.68	23.22	54.40	4.44
210722 23:57:47	78.69	23.23	53.48	4.45
210722 23:57:52	78.68	23.23	54.07	4.45
210722 23:57:57	78.68	23.24	54.04	4.45
210722 23:58:02	78.69	23.24	54.10	4.47
210722 23:58:07	78.68	23.23	53.59	4.45
210722 23:58:12	78.68	23.23	54.35	4.41
210722 23:58:17	78.68	23.24	54.05	4.45
210722 23:58:22	78.69	23.24	53.46	4.46
210722 23:58:27	78.69	23.24	53.89	4.44
210722 23:58:32	78.69	23.24	54.16	4.45
210722 23:58:37	78.68	23.25	53.97	4.47
210722 23:58:42	78.69	23.25	53.94	4.47
210722 23:58:47	78.68	23.24	54.44	4.41
210722 23:58:52	78.69	23.26	54.31	4.46
210722 23:58:57	78.69	23.26	54.33	4.44
210722 23:59:02	78.69	23.26	55.18	4.44
210722 23:59:07	78.69	23.26	54.25	4.43
210722 23:59:12	78.68	23.26	53.95	4.43
210722 23:59:17	78.69	23.26	54.36	4.45
210722 23:59:22	78.69	23.26	54.09	4.47
210722 23:59:27	78.68	23.26	54.54	4.44
210722 23:59:32	78.69	23.27	54.12	4.46
210722 23:59:37	78.68	23.27	54.56	4.44
210722 23:59:42	78.69	23.27	55.01	4.45
210722 23:59:47	78.69	23.26	54.42	4.44
210722 23:59:52	78.69	23.27	54.51	4.41
210722 23:59:58	78.69	23.28	54.18	4.44
