210425 21:03:51	78.05	28.79	33.52
210425 21:03:56	78.05	29.12	33.12
210425 21:04:01	78.05	29.16	33.09
210425 21:04:06	78.05	29.20	36.58
210425 21:04:11	78.05	29.30	35.68
210425 21:04:16	78.05	29.37	34.48
210425 21:04:22	78.05	29.43	33.99
210425 21:04:27	78.05	29.50	34.00
210425 21:04:32	78.05	29.57	34.21
210425 21:04:37	78.05	29.63	33.81
210425 21:04:42	78.05	29.69	34.01
210425 21:04:47	78.05	29.76	33.62
210425 21:04:52	78.05	29.82	33.82
210425 21:04:57	78.05	29.87	33.41
210425 21:05:02	78.05	29.91	33.83
210425 21:05:07	78.05	29.95	33.14
210425 21:05:12	78.05	29.99	33.26
210425 21:05:17	78.05	30.02	33.23
210425 21:05:22	78.05	30.07	33.38
210425 21:05:27	78.05	30.10	33.19
210425 21:05:32	78.05	30.13	33.15
210425 21:05:37	78.05	30.15	32.29
210425 21:05:42	78.05	30.17	32.53
210425 21:05:47	78.05	30.20	32.79
210425 21:05:52	78.05	30.23	32.68
210425 21:05:57	78.05	30.26	32.46
210425 21:06:02	78.05	30.30	32.86
210425 21:06:07	78.05	30.33	32.76
210425 21:06:12	78.05	30.34	32.11
210425 21:06:17	78.05	30.37	32.01
210425 21:06:22	78.05	30.39	32.28
210425 21:06:27	78.05	30.42	32.18
210425 21:06:32	78.05	30.45	31.98
210425 21:06:37	78.05	30.46	32.16
210425 21:06:42	78.05	30.46	31.91
210425 21:06:47	78.05	30.48	32.00
210425 21:06:52	78.05	30.51	32.10
210425 21:06:57	78.05	30.54	32.64
210425 21:07:02	78.05	30.55	32.12
210425 21:07:07	78.05	30.59	32.83
210425 21:07:12	78.05	30.54	31.64
210425 21:07:17	78.05	30.47	31.05
210425 21:07:22	78.05	30.38	30.88
210425 21:07:27	78.05	30.32	30.98
210425 21:07:32	78.05	30.27	31.03
210425 21:07:38	78.05	30.23	31.09
210425 21:07:43	78.05	30.18	31.13
210425 21:07:48	78.05	30.13	31.15
210425 21:07:53	78.05	30.08	31.20
210425 21:08:00	78.05	29.98	31.32
210425 21:08:05	78.05	29.97	31.37
210425 21:08:10	78.05	29.87	31.50
210425 21:08:15	78.05	29.80	31.79
210425 21:08:20	78.05	29.74	31.82
210425 21:08:25	78.05	29.72	31.82
210425 21:08:30	78.05	29.70	31.87
210425 21:08:35	78.05	29.68	31.89
210425 21:08:40	78.05	29.67	31.91
210425 21:08:45	78.05	29.65	31.96
210425 21:08:50	78.05	29.63	31.97
210425 21:08:55	78.05	29.62	31.96
210425 21:09:00	78.05	29.60	31.99
210425 21:09:05	78.05	29.60	32.01
210425 21:09:10	78.05	29.58	32.03
210425 21:09:15	78.05	29.57	32.01
210425 21:09:20	78.05	29.57	32.13
210425 21:09:25	78.05	29.55	32.17
210425 21:09:30	78.05	29.55	32.17
210425 21:09:35	78.05	29.54	32.15
210425 21:09:40	78.05	29.59	34.66
210425 21:09:45	78.05	29.75	36.49
210425 21:09:50	78.05	29.81	37.34
210425 21:09:55	78.05	29.93	38.49
210425 21:10:00	78.05	30.05	38.54
210425 21:10:05	78.05	30.11	36.51
210425 21:10:10	78.05	30.19	39.60
210425 21:10:16	78.05	30.25	38.12
210425 21:10:21	78.05	30.34	38.09
210425 21:10:26	78.05	30.22	33.06
210425 21:10:31	78.05	30.17	32.76
210425 21:10:36	78.05	30.15	33.10
210425 21:10:41	78.06	30.12	32.45
210425 21:10:46	78.05	30.06	31.72
210425 21:10:51	78.05	30.01	32.04
210425 21:10:56	78.05	30.04	33.99
210425 21:11:01	78.06	30.04	32.72
210425 21:11:06	78.05	30.04	32.82
210425 21:11:11	78.05	30.05	33.43
210425 21:11:16	78.05	30.05	32.36
210425 21:11:21	78.05	30.06	32.36
210425 21:11:26	78.05	30.09	33.19
210425 21:11:31	78.05	30.07	32.08
210425 21:11:36	78.05	30.08	32.13
210425 21:11:41	78.05	30.07	31.67
210425 21:11:46	78.06	30.07	31.81
210425 21:11:51	78.05	30.07	31.81
210425 21:11:56	78.05	30.07	31.58
210425 21:12:01	78.05	30.07	31.83
210425 21:12:06	78.06	30.08	32.00
210425 21:12:11	78.05	30.08	32.27
210425 21:12:16	78.05	30.12	32.94
210425 21:12:21	78.06	30.15	33.72
210425 21:12:26	78.05	30.11	32.45
210425 21:12:31	78.05	30.07	31.57
210425 21:12:36	78.05	30.04	31.53
210425 21:12:41	78.05	30.00	31.45
210425 21:12:46	78.06	29.97	31.45
210425 21:12:51	78.05	29.97	32.46
210425 21:12:56	78.05	29.96	32.49
210425 21:13:01	78.05	29.99	32.42
210425 21:13:06	78.05	29.98	31.97
210425 21:13:11	78.05	29.95	31.58
210425 21:13:16	78.05	29.93	31.55
210425 21:13:22	78.05	29.90	31.55
210425 21:13:27	78.05	29.88	31.57
210425 21:13:32	78.05	29.86	31.58
210425 21:13:37	78.06	29.84	31.59
210425 21:13:42	78.05	29.82	31.60
210425 21:13:47	78.05	29.80	31.60
210425 21:13:52	78.06	29.79	31.60
210425 21:13:57	78.06	29.77	31.63
210425 21:14:02	78.06	29.76	31.63
210425 21:14:07	78.05	29.74	31.65
210425 21:14:12	78.06	29.74	31.68
210425 21:14:17	78.06	29.73	31.70
210425 21:14:22	78.06	29.71	31.70
210425 21:14:27	78.05	29.70	31.70
210425 21:14:32	78.06	29.69	31.70
210425 21:14:37	78.05	29.68	31.73
210425 21:14:42	78.05	29.67	31.72
210425 21:14:47	78.06	29.67	31.71
210425 21:14:52	78.06	29.66	31.72
210425 21:14:57	78.06	29.66	31.74
210425 21:15:02	78.06	29.65	31.75
210425 21:15:07	78.06	29.72	33.08
210425 21:15:12	78.06	29.75	32.42
210425 21:15:17	78.06	29.77	32.25
210425 21:15:22	78.05	29.86	32.61
210425 21:15:27	78.05	29.90	32.38
210425 21:15:32	78.06	29.94	32.18
210425 21:15:37	78.05	29.98	31.77
210425 21:15:42	78.05	29.98	31.58
210425 21:15:47	78.05	30.01	31.31
210425 21:15:52	78.05	30.02	31.29
210425 21:15:57	78.06	30.10	34.99
210425 21:16:02	78.05	30.17	32.50
210425 21:16:07	78.05	30.12	31.44
210425 21:16:12	78.06	30.08	31.28
210425 21:16:17	78.06	30.09	32.24
210425 21:16:22	78.06	30.09	31.91
210425 21:16:27	78.06	30.14	32.81
210425 21:16:32	78.06	30.11	31.76
210425 21:16:38	78.06	30.13	32.88
210425 21:16:43	78.06	30.12	32.01
210425 21:16:48	78.06	30.12	32.33
210425 21:16:53	78.06	30.11	32.82
210425 21:16:58	78.06	30.11	32.67
210425 21:17:03	78.06	30.12	33.09
210425 21:17:08	78.06	30.13	34.38
210425 21:17:13	78.06	30.08	32.17
210425 21:17:18	78.05	30.01	31.88
210425 21:17:23	78.06	30.06	34.06
210425 21:17:28	78.05	30.07	33.17
210425 21:17:33	78.05	30.04	31.59
210425 21:17:38	78.06	30.02	31.48
210425 21:17:43	78.06	30.03	33.70
210425 21:17:48	78.05	30.08	33.43
210425 21:17:53	78.05	30.04	31.57
210425 21:17:58	78.06	30.03	32.05
210425 21:18:03	78.06	30.00	31.53
210425 21:18:08	78.05	29.98	31.32
210425 21:18:13	78.06	29.96	31.21
210425 21:18:18	78.06	29.93	31.29
210425 21:18:23	78.06	29.92	31.33
210425 21:18:28	78.06	29.89	31.33
210425 21:18:33	78.06	29.88	31.34
210425 21:18:38	78.06	29.87	31.38
210425 21:18:43	78.06	29.86	31.41
210425 21:18:48	78.06	29.84	31.47
210425 21:18:53	78.06	29.83	31.50
210425 21:18:58	78.06	29.82	31.49
210425 21:19:03	78.06	29.81	31.50
210425 21:19:08	78.06	29.79	31.67
210425 21:19:13	78.06	29.80	31.52
210425 21:19:18	78.06	29.78	31.55
210425 21:19:23	78.06	29.78	31.56
210425 21:19:28	78.06	29.77	31.60
210425 21:19:33	78.06	29.76	31.61
210425 21:19:38	78.06	29.75	31.58
210425 21:19:43	78.06	29.75	31.61
210425 21:19:49	78.06	29.75	31.62
210425 21:19:54	78.06	29.74	31.63
210425 21:19:59	78.06	29.74	34.02
210425 21:20:04	78.06	29.74	34.38
210425 21:20:09	78.06	29.76	34.21
210425 21:20:14	78.06	29.79	33.11
210425 21:20:19	78.06	29.85	34.46
210425 21:20:24	78.06	29.88	33.21
210425 21:20:29	78.06	29.86	32.25
210425 21:20:34	78.06	29.81	32.01
210425 21:20:39	78.06	29.87	32.45
210425 21:20:44	78.06	29.86	32.33
210425 21:20:49	78.06	29.77	32.20
210425 21:20:54	78.07	29.76	32.60
210425 21:20:59	78.07	29.76	32.38
210425 21:21:04	78.07	29.83	33.02
210425 21:21:09	78.07	29.86	32.93
210425 21:21:14	78.07	29.85	33.14
210425 21:21:19	78.08	29.86	32.65
210425 21:21:24	78.07	29.93	34.56
210425 21:21:29	78.07	29.97	33.55
210425 21:21:34	78.07	30.00	32.77
210425 21:21:39	78.07	30.00	32.39
210425 21:21:44	78.07	30.02	31.66
210425 21:21:49	78.07	30.03	31.69
210425 21:21:54	78.06	30.04	31.70
210425 21:21:59	78.07	30.02	31.52
210425 21:22:04	78.07	30.00	31.29
210425 21:22:09	78.07	29.97	31.30
210425 21:22:14	78.07	29.85	31.68
210425 21:22:19	78.07	29.65	31.90
210425 21:22:24	78.07	29.67	31.87
210425 21:22:29	78.07	29.64	31.65
210425 21:22:34	78.07	29.61	31.68
210425 21:22:39	78.07	29.58	31.72
210425 21:22:44	78.07	29.55	31.79
210425 21:22:49	78.07	29.54	31.88
210425 21:22:54	78.07	29.50	31.83
210425 21:23:00	78.07	29.49	31.85
210425 21:23:05	78.08	29.49	31.92
210425 21:23:10	78.07	29.48	32.04
210425 21:23:15	78.07	29.38	33.08
210425 21:23:20	78.07	29.27	33.07
210425 21:23:25	78.07	29.14	33.06
210425 21:23:30	78.07	29.03	33.46
210425 21:23:35	78.07	28.92	33.70
210425 21:23:40	78.07	28.85	33.95
210425 21:23:45	78.07	28.78	34.08
210425 21:23:50	78.08	28.71	34.24
210425 21:23:55	78.07	28.64	34.41
210425 21:24:00	78.07	28.60	34.49
210425 21:24:05	78.08	28.55	34.33
210425 21:24:10	78.08	28.51	34.43
210425 21:24:15	78.08	28.45	34.06
210425 21:24:20	78.08	28.41	34.17
210425 21:24:25	78.08	28.34	34.39
210425 21:24:30	78.08	28.26	34.38
210425 21:24:35	78.08	28.23	34.64
210425 21:24:40	78.08	28.24	36.80
210425 21:24:45	78.08	28.19	35.41
210425 21:24:50	78.08	28.06	35.73
210425 21:24:55	78.08	28.01	36.60
210425 21:25:00	78.09	27.91	36.80
210425 21:25:05	78.08	27.86	36.91
210425 21:25:10	78.09	27.80	36.72
210425 21:25:15	78.09	27.75	36.64
210425 21:25:20	78.08	27.70	36.98
210425 21:25:25	78.09	27.65	36.97
210425 21:25:30	78.09	27.61	36.73
210425 21:25:35	78.09	27.59	36.68
210425 21:25:40	78.09	27.55	36.82
210425 21:25:45	78.09	27.50	37.28
210425 21:25:50	78.09	27.48	37.52
210425 21:25:55	78.09	27.44	37.70
210425 21:26:00	78.09	27.41	37.81
210425 21:26:05	78.09	27.39	37.61
210425 21:26:10	78.10	27.37	37.50
210425 21:26:16	78.09	27.34	37.42
210425 21:26:21	78.09	27.32	37.49
210425 21:26:26	78.09	27.29	37.45
210425 21:26:31	78.09	27.28	37.53
210425 21:26:36	78.10	27.25	37.48
210425 21:26:41	78.10	27.24	37.50
210425 21:26:46	78.10	27.22	37.56
210425 21:26:51	78.10	27.20	37.51
210425 21:26:56	78.10	27.18	37.54
210425 21:27:01	78.10	27.16	37.53
210425 21:27:06	78.10	27.14	37.53
210425 21:27:11	78.10	27.13	37.57
210425 21:27:16	78.10	27.11	37.62
210425 21:27:21	78.10	27.09	37.70
210425 21:27:26	78.10	27.08	37.76
210425 21:27:31	78.10	27.06	37.77
210425 21:27:36	78.10	27.05	37.79
210425 21:27:41	78.10	27.04	37.77
210425 21:27:46	78.10	27.03	37.77
210425 21:27:51	78.10	27.01	37.10
210425 21:27:56	78.11	27.00	36.99
210425 21:28:01	78.10	26.99	37.34
210425 21:28:06	78.10	26.99	37.36
210425 21:28:11	78.10	26.97	37.30
210425 21:28:16	78.11	26.96	37.37
210425 21:28:21	78.11	26.96	37.37
210425 21:28:26	78.10	26.96	37.46
210425 21:28:31	78.10	26.95	37.66
210425 21:28:36	78.10	26.95	37.71
210425 21:28:41	78.10	26.94	37.83
210425 21:28:46	78.11	26.94	37.79
210425 21:28:51	78.11	26.94	37.82
210425 21:28:56	78.11	26.93	37.81
210425 21:29:01	78.11	26.93	37.79
210425 21:29:06	78.11	26.92	37.77
210425 21:29:11	78.11	26.92	38.49
210425 21:29:16	78.11	26.92	37.93
210425 21:29:22	78.11	26.91	37.80
210425 21:29:27	78.11	26.91	37.79
210425 21:29:32	78.11	26.90	37.83
210425 21:29:37	78.11	26.90	37.84
210425 21:29:42	78.11	26.89	37.83
210425 21:29:47	78.11	26.89	37.85
210425 21:29:52	78.11	26.89	37.92
210425 21:29:57	78.11	26.88	38.04
210425 21:30:02	78.11	26.88	38.06
210425 21:30:07	78.10	26.88	37.98
210425 21:30:12	78.11	26.86	37.87
210425 21:30:17	78.11	26.86	37.80
210425 21:30:22	78.11	26.86	37.74
210425 21:30:27	78.11	26.85	37.78
210425 21:30:32	78.11	26.85	37.75
210425 21:30:37	78.11	26.84	37.70
210425 21:30:42	78.11	26.83	37.74
210425 21:30:47	78.11	26.83	37.74
210425 21:30:52	78.11	26.83	37.86
210425 21:30:57	78.11	26.83	37.92
210425 21:31:02	78.11	26.82	37.80
210425 21:31:07	78.11	26.82	37.95
210425 21:31:12	78.11	26.82	37.89
210425 21:31:17	78.11	26.82	37.84
210425 21:31:22	78.11	26.82	37.90
210425 21:31:27	78.11	26.81	37.89
210425 21:31:32	78.11	26.81	37.89
210425 21:31:37	78.11	26.81	37.89
210425 21:31:42	78.11	26.80	37.85
210425 21:31:47	78.11	26.80	37.85
210425 21:31:52	78.11	26.80	37.79
210425 21:31:57	78.11	26.80	37.79
210425 21:32:02	78.11	26.80	37.85
210425 21:32:07	78.11	26.79	37.88
210425 21:32:12	78.11	26.79	37.81
210425 21:32:17	78.11	26.79	37.81
210425 21:32:22	78.11	26.79	37.81
210425 21:32:27	78.11	26.78	37.79
210425 21:32:33	78.11	26.78	37.82
210425 21:32:38	78.11	26.78	37.81
210425 21:32:43	78.11	26.78	37.87
210425 21:32:48	78.11	26.77	37.81
210425 21:32:53	78.11	26.77	37.82
210425 21:32:58	78.11	26.77	37.82
210425 21:33:03	78.11	26.76	37.85
210425 21:33:08	78.11	26.77	37.88
210425 21:33:13	78.11	26.77	37.85
210425 21:33:18	78.12	26.76	37.83
210425 21:33:23	78.11	26.76	37.84
210425 21:33:28	78.11	26.76	37.86
210425 21:33:33	78.11	26.77	37.94
210425 21:33:38	78.11	26.76	37.95
210425 21:33:43	78.11	26.76	37.90
210425 21:33:48	78.11	26.76	37.85
210425 21:33:53	78.11	26.76	37.84
210425 21:33:58	78.11	26.76	38.45
210425 21:34:03	78.11	26.76	39.00
210425 21:34:08	78.11	26.76	38.77
210425 21:34:13	78.11	26.76	38.51
210425 21:34:18	78.11	26.77	39.10
210425 21:34:23	78.12	26.76	39.83
210425 21:34:28	78.11	26.76	39.35
210425 21:34:33	78.11	26.76	39.02
210425 21:34:38	78.11	26.75	39.60
210425 21:34:43	78.12	26.74	39.08
210425 21:34:48	78.12	26.75	38.92
210425 21:34:53	78.12	26.74	38.61
210425 21:34:58	78.11	26.75	38.45
210425 21:35:03	78.11	26.75	38.20
210425 21:35:08	78.11	26.75	38.19
210425 21:35:13	78.11	26.75	37.93
210425 21:35:18	78.11	26.76	37.57
210425 21:35:23	78.12	26.76	37.40
210425 21:35:28	78.11	26.76	37.15
210425 21:35:33	78.11	26.77	37.48
210425 21:35:39	78.11	26.77	37.57
210425 21:35:44	78.11	26.77	37.65
210425 21:35:49	78.11	26.77	37.64
210425 21:35:54	78.12	26.77	37.69
210425 21:35:59	78.11	26.78	37.69
210425 21:36:04	78.11	26.77	37.70
210425 21:36:09	78.12	26.77	37.94
210425 21:36:14	78.12	26.77	38.10
210425 21:36:19	78.12	26.77	37.86
210425 21:36:24	78.12	26.77	38.20
210425 21:36:29	78.12	26.77	38.33
210425 21:36:34	78.12	26.77	38.36
210425 21:36:39	78.12	26.77	38.22
210425 21:36:44	78.12	26.77	38.15
210425 21:36:49	78.12	26.77	38.16
210425 21:36:54	78.12	26.77	38.05
210425 21:36:59	78.12	26.77	38.00
210425 21:37:04	78.12	26.77	37.98
210425 21:37:09	78.12	26.77	37.93
210425 21:37:14	78.12	26.77	37.88
210425 21:37:19	78.12	26.77	37.85
210425 21:37:24	78.12	26.77	37.83
210425 21:37:29	78.12	26.77	37.88
210425 21:37:34	78.12	26.77	37.91
210425 21:37:39	78.12	26.76	37.91
210425 21:37:44	78.12	26.76	37.97
210425 21:37:49	78.12	26.76	37.96
210425 21:37:54	78.13	26.76	38.01
210425 21:37:59	78.12	26.76	38.04
210425 21:38:04	78.12	26.75	38.00
210425 21:38:09	78.12	26.76	37.78
210425 21:38:14	78.12	26.75	37.83
210425 21:38:19	78.13	26.75	37.88
210425 21:38:24	78.12	26.74	37.87
210425 21:38:29	78.12	26.74	37.78
210425 21:38:34	78.12	26.73	37.76
210425 21:38:39	78.12	26.74	37.75
210425 21:38:45	78.12	26.74	37.67
210425 21:38:50	78.12	26.74	37.58
210425 21:38:55	78.12	26.74	37.60
210425 21:39:00	78.12	26.74	37.62
210425 21:39:05	78.12	26.74	37.71
210425 21:39:10	78.12	26.75	37.76
210425 21:39:15	78.12	26.74	37.75
210425 21:39:20	78.12	26.74	37.83
210425 21:39:25	78.12	26.74	37.76
210425 21:39:30	78.12	26.74	37.79
210425 21:39:35	78.12	26.74	37.69
210425 21:39:40	78.13	26.74	37.77
210425 21:39:45	78.12	26.73	37.63
210425 21:39:50	78.13	26.74	37.62
210425 21:39:55	78.13	26.74	37.68
210425 21:40:00	78.12	26.74	37.89
210425 21:40:05	78.12	26.74	38.60
210425 21:40:10	78.13	26.73	38.70
210425 21:40:15	78.12	26.73	38.38
210425 21:40:20	78.12	26.73	38.05
210425 21:40:25	78.13	26.73	37.89
210425 21:40:30	78.12	26.73	37.88
210425 21:40:35	78.13	26.73	37.82
210425 21:40:40	78.13	26.73	37.76
210425 21:40:45	78.12	26.73	37.71
210425 21:40:50	78.12	26.72	37.70
210425 21:40:55	78.12	26.72	37.70
210425 21:41:00	78.12	26.73	37.68
210425 21:41:05	78.13	26.73	37.65
210425 21:41:10	78.12	26.73	37.61
210425 21:41:15	78.12	26.72	37.61
210425 21:41:20	78.12	26.73	37.60
210425 21:41:25	78.12	26.73	37.57
210425 21:41:30	78.12	26.73	37.60
210425 21:41:35	78.12	26.73	37.60
210425 21:41:40	78.12	26.72	37.61
210425 21:41:45	78.12	26.72	37.63
210425 21:41:51	78.12	26.72	37.62
210425 21:41:56	78.12	26.72	37.60
210425 21:42:01	78.13	26.71	37.69
210425 21:42:06	78.12	26.72	37.72
210425 21:42:11	78.12	26.72	37.69
210425 21:42:16	78.13	26.72	37.65
210425 21:42:21	78.13	26.72	37.83
210425 21:42:26	78.13	26.72	37.71
210425 21:42:31	78.13	26.73	37.72
210425 21:42:36	78.13	26.73	37.92
210425 21:42:41	78.13	26.72	38.45
210425 21:42:46	78.13	26.73	38.15
210425 21:42:51	78.12	26.73	38.91
210425 21:42:56	78.12	26.72	38.78
210425 21:43:01	78.12	26.72	38.48
210425 21:43:06	78.13	26.73	38.23
210425 21:43:11	78.13	26.73	38.05
210425 21:43:16	78.13	26.73	39.05
210425 21:43:21	78.13	26.73	38.91
210425 21:43:26	78.13	26.73	38.81
210425 21:43:31	78.13	26.73	38.44
210425 21:43:36	78.13	26.74	38.58
210425 21:43:41	78.12	26.73	38.40
210425 21:43:46	78.13	26.73	38.84
210425 21:43:51	78.13	26.73	38.55
210425 21:43:56	78.12	26.73	38.39
210425 21:44:01	78.13	26.74	38.17
210425 21:44:06	78.13	26.74	38.14
210425 21:44:11	78.13	26.74	38.19
210425 21:44:16	78.13	26.74	38.12
210425 21:44:21	78.13	26.75	38.09
210425 21:44:26	78.13	26.75	38.01
210425 21:44:31	78.13	26.74	37.98
210425 21:44:36	78.13	26.74	38.73
210425 21:44:41	78.13	26.74	38.89
210425 21:44:46	78.12	26.74	38.94
210425 21:44:51	78.13	26.74	38.54
210425 21:44:56	78.13	26.74	38.35
210425 21:45:01	78.13	26.74	38.31
210425 21:45:06	78.12	26.74	38.27
210425 21:45:11	78.13	26.74	38.26
210425 21:45:17	78.13	26.75	38.16
210425 21:45:22	78.13	26.75	38.09
210425 21:45:27	78.13	26.75	38.21
210425 21:45:32	78.13	26.75	38.23
210425 21:45:37	78.13	26.75	38.16
210425 21:45:42	78.13	26.75	38.13
210425 21:45:47	78.13	26.75	38.21
210425 21:45:52	78.13	26.75	38.48
210425 21:45:57	78.13	26.75	38.36
210425 21:46:02	78.13	26.76	38.22
210425 21:46:07	78.13	26.75	38.11
210425 21:46:12	78.13	26.75	38.16
210425 21:46:17	78.13	26.75	38.19
210425 21:46:22	78.13	26.75	38.21
210425 21:46:27	78.13	26.75	38.22
210425 21:46:32	78.13	26.75	38.21
210425 21:46:37	78.13	26.75	38.24
210425 21:46:42	78.13	26.75	38.62
210425 21:46:47	78.13	26.75	38.83
210425 21:46:52	78.13	26.76	38.63
210425 21:46:57	78.13	26.76	38.93
210425 21:47:02	78.13	26.76	39.58
210425 21:47:07	78.13	26.76	39.23
210425 21:47:12	78.13	26.76	38.97
210425 21:47:17	78.13	26.76	38.79
210425 21:47:22	78.13	26.76	38.63
210425 21:47:27	78.13	26.76	38.61
210425 21:47:32	78.13	26.75	38.59
210425 21:47:37	78.14	26.76	38.51
210425 21:47:42	78.13	26.75	38.50
210425 21:47:47	78.13	26.75	38.54
210425 21:47:52	78.13	26.75	38.52
210425 21:47:57	78.13	26.75	38.44
210425 21:48:02	78.13	26.75	38.38
210425 21:48:07	78.13	26.75	38.43
210425 21:48:12	78.13	26.75	38.51
210425 21:48:17	78.13	26.75	38.48
210425 21:48:22	78.13	26.75	38.46
210425 21:48:28	78.14	26.75	38.50
210425 21:48:33	78.13	26.75	38.50
210425 21:48:38	78.14	26.75	38.45
210425 21:48:43	78.13	26.75	38.31
210425 21:48:48	78.14	26.75	38.31
210425 21:48:53	78.13	26.75	38.29
210425 21:48:58	78.13	26.75	38.58
210425 21:49:03	78.13	26.75	38.63
210425 21:49:08	78.13	26.75	38.68
210425 21:49:13	78.14	26.75	38.75
210425 21:49:18	78.13	26.75	38.63
210425 21:49:23	78.14	26.75	38.71
210425 21:49:28	78.14	26.75	38.73
210425 21:49:33	78.14	26.75	38.70
210425 21:49:38	78.14	26.75	38.64
210425 21:49:43	78.14	26.75	38.61
210425 21:49:48	78.14	26.75	38.59
210425 21:49:53	78.14	26.76	38.59
210425 21:49:58	78.13	26.76	38.77
210425 21:50:03	78.14	26.76	38.90
210425 21:50:08	78.13	26.75	38.94
210425 21:50:13	78.14	26.76	38.89
210425 21:50:18	78.14	26.76	38.83
210425 21:50:23	78.14	26.75	38.78
210425 21:50:28	78.14	26.75	38.73
210425 21:50:33	78.13	26.75	38.61
210425 21:50:38	78.13	26.75	38.58
210425 21:50:43	78.14	26.76	38.53
210425 21:50:48	78.14	26.76	38.55
210425 21:50:53	78.14	26.75	38.55
210425 21:50:58	78.14	26.76	38.55
210425 21:51:03	78.14	26.76	38.54
210425 21:51:08	78.14	26.76	38.70
210425 21:51:13	78.14	26.76	38.84
210425 21:51:18	78.14	26.76	38.97
210425 21:51:23	78.14	26.76	39.17
210425 21:51:28	78.14	26.77	39.58
210425 21:51:33	78.14	26.77	39.48
210425 21:51:38	78.14	26.77	39.41
210425 21:51:44	78.14	26.76	39.38
210425 21:51:49	78.14	26.76	39.19
210425 21:51:54	78.14	26.76	39.13
210425 21:51:59	78.14	26.76	39.03
210425 21:52:04	78.14	26.76	38.95
210425 21:52:09	78.14	26.75	38.97
210425 21:52:14	78.14	26.75	39.17
210425 21:52:19	78.14	26.75	39.12
210425 21:52:24	78.14	26.75	39.21
210425 21:52:29	78.14	26.75	39.15
210425 21:52:34	78.15	26.75	39.09
210425 21:52:39	78.15	26.75	38.98
210425 21:52:44	78.14	26.75	38.89
210425 21:52:49	78.14	26.74	38.77
210425 21:52:54	78.14	26.74	38.65
210425 21:52:59	78.14	26.74	38.62
210425 21:53:04	78.14	26.74	38.72
210425 21:53:09	78.14	26.74	38.76
210425 21:53:14	78.14	26.74	38.74
210425 21:53:19	78.14	26.74	38.87
210425 21:53:24	78.14	26.74	39.63
210425 21:53:29	78.14	26.75	39.29
210425 21:53:34	78.14	26.75	38.97
210425 21:53:39	78.14	26.75	38.80
210425 21:53:44	78.14	26.75	38.88
210425 21:53:49	78.14	26.75	38.95
210425 21:53:54	78.14	26.75	39.05
210425 21:53:59	78.15	26.75	39.26
210425 21:54:04	78.14	26.75	39.31
210425 21:54:09	78.14	26.76	39.23
210425 21:54:14	78.14	26.76	39.09
210425 21:54:19	78.14	26.76	39.10
210425 21:54:24	78.15	26.76	39.07
210425 21:54:29	78.14	26.76	39.05
210425 21:54:34	78.14	26.76	39.00
210425 21:54:39	78.14	26.76	38.94
210425 21:54:44	78.14	26.76	38.76
210425 21:54:49	78.14	26.76	38.71
210425 21:54:54	78.14	26.76	38.98
210425 21:55:00	78.14	26.76	38.88
210425 21:55:05	78.15	26.76	38.89
210425 21:55:10	78.14	26.76	38.91
210425 21:55:15	78.15	26.76	38.92
210425 21:55:20	78.14	26.76	38.84
210425 21:55:25	78.15	26.76	38.85
210425 21:55:30	78.14	26.75	38.85
210425 21:55:35	78.14	26.76	38.76
210425 21:55:40	78.15	26.75	38.72
210425 21:55:45	78.14	26.76	38.68
210425 21:55:50	78.14	26.76	38.71
210425 21:55:55	78.14	26.76	38.92
210425 21:56:00	78.14	26.76	38.98
210425 21:56:05	78.14	26.76	38.88
210425 21:56:10	78.15	26.76	38.89
210425 21:56:15	78.14	26.76	38.87
210425 21:56:20	78.15	26.76	38.85
210425 21:56:25	78.15	26.75	38.78
210425 21:56:30	78.14	26.75	38.70
210425 21:56:35	78.14	26.75	38.77
210425 21:56:40	78.14	26.74	38.82
210425 21:56:45	78.15	26.75	38.82
210425 21:56:50	78.15	26.74	38.68
210425 21:56:55	78.15	26.74	38.72
210425 21:57:00	78.15	26.74	38.74
210425 21:57:05	78.14	26.73	38.66
210425 21:57:10	78.14	26.73	38.62
210425 21:57:15	78.15	26.74	38.57
210425 21:57:20	78.14	26.73	38.61
210425 21:57:25	78.15	26.73	38.61
210425 21:57:30	78.15	26.73	38.57
210425 21:57:35	78.15	26.73	38.50
210425 21:57:40	78.15	26.73	38.45
210425 21:57:45	78.15	26.74	38.35
210425 21:57:50	78.15	26.74	38.37
210425 21:57:55	78.15	26.74	38.37
210425 21:58:00	78.15	26.73	38.31
210425 21:58:05	78.15	26.73	38.23
210425 21:58:11	78.15	26.73	38.52
210425 21:58:16	78.15	26.73	38.51
210425 21:58:21	78.15	26.73	38.55
210425 21:58:26	78.15	26.74	38.39
210425 21:58:31	78.15	26.74	38.45
210425 21:58:36	78.15	26.74	38.53
210425 21:58:41	78.15	26.73	38.66
210425 21:58:46	78.15	26.74	38.96
210425 21:58:51	78.15	26.74	38.99
210425 21:58:56	78.15	26.74	38.87
210425 21:59:01	78.15	26.74	38.83
210425 21:59:06	78.15	26.74	38.80
210425 21:59:11	78.15	26.74	38.79
210425 21:59:16	78.15	26.74	38.70
210425 21:59:21	78.15	26.74	38.62
210425 21:59:26	78.15	26.75	38.77
210425 21:59:31	78.15	26.74	38.93
210425 21:59:36	78.15	26.74	38.92
210425 21:59:41	78.15	26.75	38.86
210425 21:59:46	78.15	26.75	38.74
210425 21:59:51	78.15	26.74	38.72
210425 21:59:56	78.15	26.74	38.83
210425 22:00:01	78.15	26.75	39.21
210425 22:00:06	78.15	26.74	39.05
210425 22:00:11	78.15	26.74	38.81
210425 22:00:16	78.15	26.74	38.89
210425 22:00:21	78.15	26.73	38.91
210425 22:00:26	78.15	26.74	38.82
210425 22:00:31	78.15	26.74	38.72
210425 22:00:36	78.15	26.74	38.66
210425 22:00:41	78.15	26.74	39.63
210425 22:00:46	78.15	26.74	39.37
210425 22:00:51	78.15	26.74	39.14
210425 22:00:56	78.15	26.73	39.17
210425 22:01:01	78.15	26.73	39.30
210425 22:01:06	78.15	26.73	39.02
210425 22:01:11	78.15	26.73	38.91
210425 22:01:16	78.15	26.73	39.02
210425 22:01:22	78.15	26.73	39.02
210425 22:01:27	78.15	26.73	38.89
210425 22:01:32	78.15	26.73	38.86
210425 22:01:37	78.15	26.73	38.81
210425 22:01:42	78.15	26.73	38.70
210425 22:01:47	78.15	26.73	38.63
210425 22:01:52	78.15	26.73	38.95
210425 22:01:57	78.15	26.73	39.53
210425 22:02:02	78.15	26.73	39.51
210425 22:02:07	78.15	26.73	39.50
210425 22:02:12	78.15	26.73	39.41
210425 22:02:17	78.15	26.73	39.39
210425 22:02:22	78.15	26.72	39.39
210425 22:02:27	78.15	26.73	39.19
210425 22:02:32	78.15	26.73	39.03
210425 22:02:37	78.15	26.73	39.67
210425 22:02:42	78.15	26.73	39.41
210425 22:02:47	78.15	26.72	39.19
210425 22:02:52	78.15	26.73	39.21
210425 22:02:57	78.15	26.73	39.00
210425 22:03:02	78.15	26.73	39.02
210425 22:03:07	78.15	26.74	39.27
210425 22:03:12	78.15	26.73	39.20
210425 22:03:17	78.15	26.73	39.04
210425 22:03:22	78.15	26.73	39.03
210425 22:03:27	78.15	26.73	39.00
210425 22:03:32	78.15	26.73	39.78
210425 22:03:37	78.15	26.74	39.67
210425 22:03:42	78.15	26.73	39.40
210425 22:03:47	78.15	26.74	39.20
210425 22:03:52	78.15	26.74	39.21
210425 22:03:57	78.15	26.73	39.04
210425 22:04:02	78.15	26.74	38.93
210425 22:04:07	78.15	26.73	38.86
210425 22:04:12	78.15	26.73	38.91
210425 22:04:17	78.15	26.73	38.83
210425 22:04:22	78.15	26.73	38.84
210425 22:04:27	78.15	26.73	38.88
210425 22:04:32	78.15	26.73	39.12
210425 22:04:38	78.15	26.73	38.96
210425 22:04:43	78.15	26.73	38.94
210425 22:04:48	78.15	26.73	38.94
210425 22:04:53	78.15	26.73	38.90
210425 22:04:58	78.15	26.73	38.94
210425 22:05:03	78.15	26.72	38.90
210425 22:05:08	78.15	26.73	39.02
210425 22:05:13	78.15	26.73	38.94
210425 22:05:18	78.15	26.73	39.04
210425 22:05:23	78.15	26.73	39.05
210425 22:05:28	78.15	26.72	38.94
210425 22:05:33	78.15	26.73	38.98
210425 22:05:38	78.15	26.73	38.92
210425 22:05:43	78.15	26.73	38.83
210425 22:05:48	78.15	26.72	38.81
210425 22:05:53	78.15	26.73	39.32
210425 22:05:58	78.15	26.73	39.30
210425 22:06:03	78.15	26.72	39.14
210425 22:06:08	78.15	26.72	39.07
210425 22:06:13	78.15	26.73	39.04
210425 22:06:18	78.15	26.73	39.07
210425 22:06:23	78.15	26.72	38.94
210425 22:06:28	78.15	26.72	39.04
210425 22:06:33	78.15	26.72	39.13
210425 22:06:38	78.15	26.72	38.90
210425 22:06:43	78.15	26.72	39.00
210425 22:06:48	78.15	26.73	39.07
210425 22:06:53	78.15	26.72	39.04
210425 22:06:58	78.15	26.72	38.95
210425 22:07:03	78.15	26.72	38.86
210425 22:07:08	78.15	26.71	38.78
210425 22:07:13	78.15	26.72	38.76
210425 22:07:18	78.15	26.71	38.95
210425 22:07:23	78.15	26.71	38.95
210425 22:07:28	78.15	26.71	39.14
210425 22:07:33	78.15	26.72	39.20
210425 22:07:38	78.15	26.72	39.25
210425 22:07:44	78.15	26.72	39.30
210425 22:07:49	78.15	26.72	39.30
210425 22:07:54	78.15	26.72	39.20
210425 22:07:59	78.15	26.72	39.15
210425 22:08:04	78.15	26.72	39.11
210425 22:08:09	78.15	26.72	39.23
210425 22:08:14	78.15	26.72	39.15
210425 22:08:19	78.15	26.72	38.96
210425 22:08:24	78.15	26.72	38.95
210425 22:08:29	78.15	26.71	38.83
210425 22:08:34	78.15	26.71	38.87
210425 22:08:39	78.15	26.71	39.37
210425 22:08:44	78.15	26.72	39.68
210425 22:08:49	78.15	26.72	39.60
210425 22:08:54	78.15	26.72	39.34
210425 22:08:59	78.15	26.71	39.26
210425 22:09:04	78.15	26.71	39.17
210425 22:09:09	78.15	26.72	39.03
210425 22:09:14	78.15	26.71	39.01
210425 22:09:19	78.15	26.71	39.09
210425 22:09:24	78.15	26.71	38.93
210425 22:09:29	78.15	26.71	38.85
210425 22:09:34	78.15	26.71	38.83
210425 22:09:39	78.15	26.70	38.90
210425 22:09:44	78.15	26.70	38.88
210425 22:09:49	78.15	26.70	38.84
210425 22:09:54	78.15	26.71	38.83
210425 22:09:59	78.15	26.70	38.89
210425 22:10:04	78.15	26.71	38.89
210425 22:10:09	78.15	26.71	38.99
210425 22:10:14	78.15	26.71	38.98
210425 22:10:19	78.15	26.71	38.87
210425 22:10:24	78.15	26.71	38.75
210425 22:10:29	78.16	26.70	38.70
210425 22:10:34	78.15	26.70	38.71
210425 22:10:39	78.15	26.70	38.74
210425 22:10:44	78.15	26.70	38.79
210425 22:10:49	78.15	26.71	38.68
210425 22:10:55	78.15	26.70	38.63
210425 22:11:00	78.15	26.70	38.66
210425 22:11:05	78.15	26.70	38.70
210425 22:11:10	78.15	26.70	38.64
210425 22:11:15	78.15	26.70	38.71
210425 22:11:20	78.15	26.70	38.87
210425 22:11:25	78.15	26.70	39.21
210425 22:11:30	78.15	26.70	39.03
210425 22:11:35	78.15	26.70	39.00
210425 22:11:40	78.16	26.70	39.04
210425 22:11:45	78.15	26.71	39.00
210425 22:11:50	78.15	26.70	38.89
210425 22:11:55	78.16	26.70	38.82
210425 22:12:00	78.16	26.71	38.74
210425 22:12:05	78.16	26.71	39.35
210425 22:12:10	78.15	26.71	39.24
210425 22:12:15	78.16	26.71	39.01
210425 22:12:20	78.15	26.71	38.84
210425 22:12:25	78.16	26.71	38.81
210425 22:12:30	78.16	26.71	38.81
210425 22:12:35	78.16	26.71	38.72
210425 22:12:40	78.16	26.71	38.71
210425 22:12:45	78.16	26.71	38.72
210425 22:12:50	78.16	26.71	38.72
210425 22:12:55	78.16	26.71	38.78
210425 22:13:00	78.16	26.71	39.04
210425 22:13:05	78.16	26.71	38.87
210425 22:13:10	78.16	26.71	38.80
210425 22:13:15	78.16	26.71	38.78
210425 22:13:20	78.16	26.71	38.74
210425 22:13:25	78.16	26.71	38.79
210425 22:13:30	78.16	26.70	38.67
210425 22:13:35	78.16	26.70	38.48
210425 22:13:40	78.16	26.70	38.53
210425 22:13:45	78.16	26.70	38.73
210425 22:13:50	78.16	26.70	38.85
210425 22:13:55	78.16	26.71	38.85
210425 22:14:01	78.16	26.70	38.75
210425 22:14:06	78.16	26.70	38.65
210425 22:14:11	78.16	26.70	38.67
210425 22:14:16	78.16	26.70	38.70
210425 22:14:21	78.16	26.69	38.66
210425 22:14:26	78.16	26.70	38.45
210425 22:14:31	78.16	26.70	38.46
210425 22:14:36	78.16	26.70	38.46
210425 22:14:41	78.16	26.70	38.53
210425 22:14:46	78.16	26.70	38.56
210425 22:14:51	78.16	26.70	38.49
210425 22:14:56	78.16	26.70	38.34
210425 22:15:01	78.16	26.70	38.29
210425 22:15:06	78.16	26.70	38.25
210425 22:15:11	78.16	26.70	38.22
210425 22:15:16	78.16	26.70	38.22
210425 22:15:21	78.16	26.70	38.12
210425 22:15:26	78.16	26.70	38.07
210425 22:15:31	78.17	26.70	38.01
210425 22:15:36	78.17	26.70	37.97
210425 22:15:41	78.17	26.70	37.91
210425 22:15:46	78.16	26.69	37.96
210425 22:15:51	78.17	26.70	37.92
210425 22:15:56	78.16	26.69	37.92
210425 22:16:01	78.17	26.70	37.97
210425 22:16:06	78.17	26.69	37.92
210425 22:16:11	78.17	26.70	38.04
210425 22:16:16	78.16	26.70	38.13
210425 22:16:21	78.17	26.69	38.08
210425 22:16:26	78.17	26.69	38.26
210425 22:16:31	78.17	26.70	38.30
210425 22:16:36	78.17	26.69	38.26
210425 22:16:41	78.17	26.70	38.24
210425 22:16:46	78.17	26.70	38.21
210425 22:16:51	78.17	26.70	38.26
210425 22:16:56	78.17	26.70	38.13
210425 22:17:01	78.17	26.70	38.13
210425 22:17:07	78.17	26.71	38.28
210425 22:17:12	78.17	26.71	38.55
210425 22:17:17	78.17	26.71	38.54
210425 22:17:22	78.17	26.71	38.46
210425 22:17:27	78.17	26.70	38.39
210425 22:17:32	78.17	26.70	38.39
210425 22:17:37	78.17	26.70	38.36
210425 22:17:42	78.17	26.70	38.26
210425 22:17:47	78.17	26.70	38.17
210425 22:17:52	78.17	26.70	38.17
210425 22:17:57	78.17	26.70	38.11
210425 22:18:02	78.17	26.70	38.18
210425 22:18:07	78.17	26.70	38.30
210425 22:18:12	78.17	26.70	38.41
210425 22:18:17	78.17	26.69	38.35
210425 22:18:22	78.17	26.69	38.16
210425 22:18:27	78.17	26.70	38.16
210425 22:18:32	78.17	26.70	38.16
210425 22:18:37	78.17	26.69	38.09
210425 22:18:42	78.17	26.70	38.15
210425 22:18:47	78.17	26.69	38.16
210425 22:18:52	78.17	26.69	38.08
210425 22:18:57	78.17	26.69	38.06
210425 22:19:02	78.17	26.69	38.01
210425 22:19:07	78.17	26.69	37.97
210425 22:19:12	78.17	26.68	37.99
210425 22:19:17	78.17	26.68	38.00
210425 22:19:22	78.17	26.68	37.98
210425 22:19:27	78.17	26.67	37.97
210425 22:19:32	78.17	26.68	37.92
210425 22:19:37	78.17	26.68	37.88
210425 22:19:42	78.17	26.68	37.81
210425 22:19:47	78.17	26.68	37.83
210425 22:19:52	78.17	26.68	37.81
210425 22:19:57	78.17	26.68	37.74
210425 22:20:02	78.17	26.68	37.54
210425 22:20:08	78.17	26.68	37.58
210425 22:20:13	78.17	26.68	37.92
210425 22:20:18	78.17	26.68	38.14
210425 22:20:23	78.17	26.68	38.36
210425 22:20:28	78.17	26.68	38.32
210425 22:20:33	78.17	26.68	38.42
210425 22:20:38	78.17	26.68	38.38
210425 22:20:43	78.17	26.68	38.46
210425 22:20:48	78.17	26.68	38.43
210425 22:20:53	78.17	26.68	38.29
210425 22:20:58	78.17	26.68	38.33
210425 22:21:03	78.17	26.68	38.24
210425 22:21:08	78.17	26.68	38.17
210425 22:21:13	78.17	26.68	38.16
210425 22:21:18	78.17	26.68	37.92
210425 22:21:23	78.17	26.68	38.08
210425 22:21:28	78.17	26.68	38.06
210425 22:21:33	78.17	26.68	37.65
210425 22:21:38	78.17	26.68	37.67
210425 22:21:43	78.17	26.67	37.73
210425 22:21:48	78.17	26.67	37.77
210425 22:21:53	78.17	26.66	37.76
210425 22:21:58	78.17	26.66	37.73
210425 22:22:03	78.17	26.66	37.63
210425 22:22:08	78.17	26.66	37.54
210425 22:22:13	78.17	26.66	37.64
210425 22:22:18	78.17	26.67	37.52
210425 22:22:23	78.17	26.67	37.62
210425 22:22:28	78.17	26.67	37.71
210425 22:22:33	78.17	26.67	37.73
210425 22:22:38	78.17	26.68	37.79
210425 22:22:43	78.17	26.67	37.88
210425 22:22:48	78.17	26.68	37.95
210425 22:22:53	78.17	26.68	37.95
210425 22:22:58	78.17	26.68	37.79
210425 22:23:03	78.17	26.68	37.83
210425 22:23:08	78.17	26.68	37.76
210425 22:23:13	78.17	26.68	37.80
210425 22:23:19	78.17	26.68	37.78
210425 22:23:24	78.17	26.69	37.71
210425 22:23:29	78.17	26.69	37.81
210425 22:23:34	78.17	26.69	37.92
210425 22:23:39	78.18	26.69	38.01
210425 22:23:44	78.17	26.69	37.83
210425 22:23:49	78.17	26.68	37.99
210425 22:23:54	78.17	26.68	38.01
210425 22:23:59	78.17	26.67	38.04
210425 22:24:04	78.18	26.68	38.04
210425 22:24:09	78.17	26.68	38.02
210425 22:24:14	78.18	26.69	38.04
210425 22:24:19	78.17	26.68	38.14
210425 22:24:24	78.18	26.68	38.10
210425 22:24:29	78.17	26.68	38.08
210425 22:24:34	78.17	26.68	38.06
210425 22:24:39	78.17	26.68	38.02
210425 22:24:44	78.17	26.68	38.01
210425 22:24:49	78.17	26.68	37.98
210425 22:24:54	78.17	26.68	37.95
210425 22:24:59	78.17	26.68	37.89
210425 22:25:04	78.17	26.67	37.92
210425 22:25:09	78.17	26.68	37.97
210425 22:25:14	78.17	26.67	37.97
210425 22:25:19	78.17	26.67	37.99
210425 22:25:24	78.17	26.67	38.01
210425 22:25:29	78.18	26.67	38.01
210425 22:25:34	78.18	26.67	38.18
210425 22:25:39	78.18	26.68	38.61
210425 22:25:44	78.18	26.67	39.06
210425 22:25:49	78.18	26.68	39.66
210425 22:25:54	78.18	26.68	39.71
210425 22:25:59	78.17	26.68	39.71
210425 22:26:04	78.18	26.68	39.36
210425 22:26:09	78.18	26.68	39.07
210425 22:26:15	78.18	26.68	39.13
210425 22:26:20	78.18	26.69	39.14
210425 22:26:25	78.18	26.68	38.77
210425 22:26:30	78.18	26.69	38.84
210425 22:26:35	78.18	26.68	38.86
210425 22:26:40	78.18	26.68	38.73
210425 22:26:45	78.18	26.69	38.80
210425 22:26:50	78.18	26.68	38.73
210425 22:26:55	78.18	26.68	38.60
210425 22:27:00	78.18	26.69	38.59
210425 22:27:05	78.18	26.68	38.60
210425 22:27:10	78.18	26.68	38.90
210425 22:27:15	78.18	26.68	38.85
210425 22:27:20	78.18	26.68	38.97
210425 22:27:25	78.18	26.68	39.00
210425 22:27:30	78.18	26.68	38.85
210425 22:27:35	78.18	26.67	38.70
210425 22:27:40	78.18	26.67	38.73
210425 22:27:45	78.18	26.67	38.79
210425 22:27:50	78.18	26.67	38.78
210425 22:27:55	78.18	26.67	38.92
210425 22:28:00	78.18	26.67	38.99
210425 22:28:05	78.18	26.67	38.95
210425 22:28:10	78.18	26.67	38.83
210425 22:28:15	78.18	26.66	38.78
210425 22:28:20	78.18	26.67	38.82
210425 22:28:25	78.18	26.67	38.98
210425 22:28:30	78.18	26.66	38.67
210425 22:28:35	78.18	26.66	38.27
210425 22:28:40	78.18	26.67	38.49
210425 22:28:45	78.18	26.67	38.48
210425 22:28:50	78.18	26.67	38.39
210425 22:28:55	78.18	26.67	38.06
210425 22:29:00	78.18	26.67	38.15
210425 22:29:05	78.18	26.66	38.15
210425 22:29:10	78.18	26.66	38.38
210425 22:29:16	78.18	26.66	38.32
210425 22:29:21	78.18	26.67	38.43
210425 22:29:26	78.18	26.67	38.36
210425 22:29:31	78.18	26.67	38.26
210425 22:29:36	78.18	26.67	38.22
210425 22:29:41	78.18	26.67	38.16
210425 22:29:46	78.18	26.67	38.13
210425 22:29:51	78.18	26.67	37.84
210425 22:29:56	78.18	26.67	37.92
210425 22:30:01	78.18	26.67	38.08
210425 22:30:06	78.18	26.67	38.14
210425 22:30:11	78.18	26.67	38.21
210425 22:30:16	78.18	26.67	38.18
210425 22:30:21	78.18	26.67	38.08
210425 22:30:26	78.18	26.67	38.10
210425 22:30:31	78.18	26.67	38.14
210425 22:30:36	78.18	26.67	38.06
210425 22:30:41	78.18	26.67	38.04
210425 22:30:46	78.18	26.67	38.08
210425 22:30:51	78.18	26.68	38.10
210425 22:30:56	78.19	26.68	38.07
210425 22:31:01	78.18	26.67	38.09
210425 22:31:06	78.18	26.67	38.07
210425 22:31:11	78.19	26.67	38.17
210425 22:31:16	78.18	26.67	38.30
210425 22:31:21	78.18	26.67	38.36
210425 22:31:26	78.19	26.67	38.49
210425 22:31:31	78.19	26.67	38.50
210425 22:31:36	78.18	26.66	38.51
210425 22:31:41	78.18	26.66	38.52
210425 22:31:46	78.19	26.66	38.46
210425 22:31:51	78.18	26.66	38.44
210425 22:31:56	78.19	26.66	38.49
210425 22:32:01	78.18	26.66	38.39
210425 22:32:06	78.19	26.66	38.44
210425 22:32:12	78.19	26.66	38.51
210425 22:32:17	78.19	26.65	38.45
210425 22:32:22	78.19	26.65	38.68
210425 22:32:27	78.19	26.65	38.63
210425 22:32:32	78.19	26.66	38.76
210425 22:32:37	78.19	26.65	38.77
210425 22:32:42	78.19	26.65	38.71
210425 22:32:47	78.19	26.65	39.16
210425 22:32:52	78.19	26.66	39.22
210425 22:32:57	78.19	26.66	38.86
210425 22:33:02	78.19	26.66	39.86
210425 22:33:07	78.19	26.65	40.40
210425 22:33:12	78.19	26.65	39.80
210425 22:33:17	78.19	26.65	39.17
210425 22:33:22	78.19	26.64	39.17
210425 22:33:27	78.19	26.65	39.12
210425 22:33:32	78.19	26.64	39.01
210425 22:33:37	78.19	26.64	38.87
210425 22:33:42	78.18	26.64	38.94
210425 22:33:47	78.19	26.64	39.01
210425 22:33:52	78.19	26.63	39.01
210425 22:33:57	78.19	26.64	38.92
210425 22:34:02	78.19	26.64	38.94
210425 22:34:07	78.19	26.63	38.89
210425 22:34:12	78.19	26.64	38.84
210425 22:34:17	78.19	26.64	39.03
210425 22:34:22	78.19	26.64	39.14
210425 22:34:27	78.19	26.64	38.86
210425 22:34:32	78.19	26.63	38.89
210425 22:34:37	78.19	26.63	38.83
210425 22:34:42	78.19	26.63	38.88
210425 22:34:47	78.19	26.64	38.78
210425 22:34:52	78.19	26.63	38.67
210425 22:34:57	78.19	26.63	38.61
210425 22:35:02	78.19	26.63	38.66
210425 22:35:07	78.19	26.63	38.71
210425 22:35:13	78.19	26.63	38.71
210425 22:35:18	78.19	26.64	38.96
210425 22:35:23	78.19	26.64	38.85
210425 22:35:28	78.19	26.64	38.80
210425 22:35:33	78.19	26.64	38.67
210425 22:35:38	78.19	26.64	38.54
210425 22:35:43	78.19	26.64	38.43
210425 22:35:48	78.19	26.65	38.25
210425 22:35:53	78.19	26.64	38.19
210425 22:35:58	78.19	26.64	38.15
210425 22:36:03	78.19	26.65	38.10
210425 22:36:08	78.19	26.65	37.99
210425 22:36:13	78.19	26.65	37.91
210425 22:36:18	78.19	26.65	37.77
210425 22:36:23	78.19	26.66	37.94
210425 22:36:28	78.19	26.66	37.96
210425 22:36:33	78.19	26.66	38.03
210425 22:36:38	78.19	26.67	38.27
210425 22:36:43	78.19	26.66	38.22
210425 22:36:48	78.19	26.67	38.31
210425 22:36:53	78.19	26.66	38.46
210425 22:36:58	78.19	26.67	38.53
210425 22:37:03	78.19	26.67	38.61
210425 22:37:08	78.19	26.67	38.60
210425 22:37:13	78.19	26.67	38.66
210425 22:37:18	78.19	26.66	38.60
210425 22:37:23	78.19	26.66	38.48
210425 22:37:28	78.19	26.66	38.45
210425 22:37:33	78.19	26.66	38.32
210425 22:37:38	78.19	26.66	37.85
210425 22:37:43	78.19	26.66	37.77
210425 22:37:48	78.19	26.67	37.87
210425 22:37:53	78.19	26.67	37.84
210425 22:37:58	78.19	26.67	37.98
210425 22:38:04	78.19	26.67	38.06
210425 22:38:09	78.19	26.67	38.31
210425 22:38:14	78.19	26.67	38.61
210425 22:38:19	78.19	26.67	38.69
210425 22:38:24	78.19	26.68	38.69
210425 22:38:29	78.19	26.68	38.91
210425 22:38:34	78.20	26.68	39.06
210425 22:38:39	78.19	26.68	39.10
210425 22:38:44	78.19	26.68	38.88
210425 22:38:49	78.19	26.68	38.78
210425 22:38:54	78.19	26.68	38.68
210425 22:38:59	78.19	26.67	38.73
210425 22:39:04	78.19	26.67	38.69
210425 22:39:09	78.19	26.67	38.74
210425 22:39:14	78.19	26.68	38.94
210425 22:39:19	78.19	26.67	38.82
210425 22:39:24	78.19	26.67	38.66
210425 22:39:29	78.19	26.67	38.69
210425 22:39:34	78.19	26.67	38.41
210425 22:39:39	78.19	26.67	38.23
210425 22:39:44	78.19	26.66	38.22
210425 22:39:49	78.19	26.66	38.13
210425 22:39:54	78.19	26.66	38.02
210425 22:39:59	78.19	26.66	37.99
210425 22:40:04	78.19	26.66	37.97
210425 22:40:09	78.19	26.66	37.99
210425 22:40:14	78.19	26.66	38.03
210425 22:40:19	78.19	26.66	38.00
210425 22:40:24	78.19	26.66	38.06
210425 22:40:29	78.19	26.66	38.22
210425 22:40:34	78.19	26.66	38.16
210425 22:40:39	78.19	26.66	38.27
210425 22:40:44	78.19	26.67	38.30
210425 22:40:49	78.19	26.67	38.26
210425 22:40:54	78.19	26.67	38.40
210425 22:41:00	78.19	26.67	38.95
210425 22:41:05	78.19	26.67	38.89
210425 22:41:10	78.19	26.67	38.91
210425 22:41:15	78.19	26.67	39.02
210425 22:41:20	78.19	26.68	39.04
210425 22:41:25	78.19	26.67	39.06
210425 22:41:30	78.19	26.68	38.84
210425 22:41:35	78.19	26.67	38.69
210425 22:41:40	78.19	26.67	38.60
210425 22:41:45	78.19	26.67	38.48
210425 22:41:50	78.19	26.67	38.57
210425 22:41:55	78.19	26.67	38.68
210425 22:42:00	78.19	26.68	39.16
210425 22:42:05	78.19	26.68	39.26
210425 22:42:10	78.19	26.67	39.15
210425 22:42:15	78.19	26.67	39.01
210425 22:42:20	78.19	26.67	38.82
210425 22:42:25	78.19	26.67	38.74
210425 22:42:30	78.19	26.67	38.68
210425 22:42:35	78.19	26.67	38.58
210425 22:42:40	78.19	26.67	38.43
210425 22:42:45	78.19	26.67	38.58
210425 22:42:50	78.19	26.68	38.98
210425 22:42:55	78.19	26.67	39.40
210425 22:43:00	78.19	26.67	39.24
210425 22:43:05	78.19	26.67	39.12
210425 22:43:10	78.19	26.67	38.92
210425 22:43:15	78.19	26.67	38.74
210425 22:43:20	78.19	26.67	38.55
210425 22:43:25	78.19	26.67	38.93
210425 22:43:30	78.19	26.67	39.87
210425 22:43:35	78.19	26.67	39.87
210425 22:43:40	78.19	26.67	39.43
210425 22:43:45	78.19	26.67	39.15
210425 22:43:50	78.20	26.68	38.97
210425 22:43:56	78.19	26.67	38.73
210425 22:44:01	78.19	26.68	38.58
210425 22:44:06	78.19	26.67	39.79
210425 22:44:11	78.19	26.67	39.67
210425 22:44:16	78.19	26.67	38.88
210425 22:44:21	78.19	26.67	39.37
210425 22:44:26	78.20	26.67	38.76
210425 22:44:31	78.19	26.67	38.70
210425 22:44:36	78.19	26.66	38.62
210425 22:44:41	78.19	26.66	38.69
210425 22:44:46	78.19	26.67	38.44
210425 22:44:51	78.19	26.67	38.27
210425 22:44:56	78.19	26.66	38.28
210425 22:45:01	78.19	26.66	38.25
210425 22:45:06	78.20	26.66	38.26
210425 22:45:11	78.20	26.66	38.27
210425 22:45:16	78.19	26.66	38.51
210425 22:45:21	78.20	26.66	38.93
210425 22:45:26	78.19	26.65	38.54
210425 22:45:31	78.19	26.64	38.33
210425 22:45:36	78.19	26.64	38.35
210425 22:45:41	78.19	26.64	38.34
210425 22:45:46	78.19	26.65	38.53
210425 22:45:51	78.20	26.65	38.88
210425 22:45:56	78.19	26.64	38.97
210425 22:46:01	78.20	26.64	39.52
210425 22:46:06	78.19	26.65	39.52
210425 22:46:11	78.19	26.64	39.13
210425 22:46:16	78.20	26.64	39.40
210425 22:46:21	78.19	26.64	39.91
210425 22:46:26	78.20	26.65	40.55
210425 22:46:31	78.19	26.65	40.60
210425 22:46:36	78.20	26.64	40.28
210425 22:46:41	78.20	26.65	39.85
210425 22:46:46	78.19	26.65	39.10
210425 22:46:52	78.19	26.64	38.89
210425 22:46:57	78.20	26.64	38.89
210425 22:47:02	78.19	26.64	38.71
210425 22:47:07	78.19	26.64	38.69
210425 22:47:12	78.20	26.65	38.62
210425 22:47:17	78.20	26.64	38.51
210425 22:47:22	78.19	26.65	38.43
210425 22:47:27	78.19	26.64	38.34
210425 22:47:32	78.19	26.64	38.19
210425 22:47:37	78.19	26.64	38.16
210425 22:47:42	78.19	26.64	38.13
210425 22:47:47	78.20	26.64	38.12
210425 22:47:52	78.19	26.64	38.40
210425 22:47:57	78.20	26.65	38.85
210425 22:48:02	78.19	26.65	39.52
210425 22:48:07	78.19	26.64	39.28
210425 22:48:12	78.20	26.64	38.97
210425 22:48:17	78.19	26.63	38.69
210425 22:48:22	78.20	26.64	38.61
210425 22:48:27	78.19	26.63	38.59
210425 22:48:32	78.19	26.63	38.58
210425 22:48:37	78.19	26.62	38.59
210425 22:48:42	78.19	26.63	38.47
210425 22:48:47	78.19	26.63	38.49
210425 22:48:52	78.20	26.63	38.49
210425 22:48:57	78.20	26.62	38.31
210425 22:49:02	78.19	26.62	38.33
210425 22:49:07	78.19	26.62	38.29
210425 22:49:12	78.20	26.61	38.39
210425 22:49:17	78.19	26.61	38.40
210425 22:49:22	78.20	26.62	38.69
210425 22:49:27	78.19	26.62	38.59
210425 22:49:32	78.19	26.61	38.90
210425 22:49:38	78.19	26.62	38.59
210425 22:49:43	78.19	26.62	38.64
210425 22:49:48	78.19	26.62	38.70
210425 22:49:53	78.19	26.62	38.63
210425 22:49:58	78.19	26.62	38.53
210425 22:50:03	78.20	26.62	38.46
210425 22:50:08	78.20	26.62	38.36
210425 22:50:13	78.19	26.62	38.26
210425 22:50:18	78.20	26.63	38.46
210425 22:50:23	78.19	26.62	38.42
210425 22:50:28	78.20	26.62	38.62
210425 22:50:33	78.19	26.62	38.62
210425 22:50:38	78.19	26.62	38.40
210425 22:50:43	78.19	26.62	38.00
210425 22:50:48	78.19	26.62	38.43
210425 22:50:53	78.19	26.62	38.67
210425 22:50:58	78.20	26.62	38.63
210425 22:51:03	78.20	26.62	38.64
210425 22:51:08	78.19	26.62	38.71
210425 22:51:13	78.20	26.62	38.56
210425 22:51:18	78.20	26.62	38.66
210425 22:51:23	78.19	26.62	38.65
210425 22:51:28	78.20	26.62	38.60
210425 22:51:33	78.19	26.63	38.66
210425 22:51:38	78.19	26.62	38.67
210425 22:51:43	78.20	26.62	38.76
210425 22:51:48	78.19	26.63	38.77
210425 22:51:53	78.20	26.63	38.74
210425 22:51:58	78.20	26.63	38.81
210425 22:52:03	78.20	26.63	39.23
210425 22:52:08	78.20	26.64	39.22
210425 22:52:13	78.20	26.63	39.86
210425 22:52:18	78.20	26.63	39.74
210425 22:52:23	78.20	26.64	39.70
210425 22:52:28	78.20	26.64	38.93
210425 22:52:34	78.20	26.64	38.44
210425 22:52:39	78.20	26.64	38.24
210425 22:52:44	78.20	26.64	38.27
210425 22:52:49	78.20	26.63	39.13
210425 22:52:54	78.20	26.64	38.91
210425 22:52:59	78.20	26.64	38.97
210425 22:53:04	78.20	26.65	39.00
210425 22:53:09	78.20	26.65	38.84
210425 22:53:14	78.19	26.66	38.93
210425 22:53:19	78.19	26.66	39.02
210425 22:53:24	78.19	26.67	38.92
210425 22:53:29	78.20	26.67	38.78
210425 22:53:34	78.19	26.67	38.87
210425 22:53:39	78.20	26.68	38.73
210425 22:53:44	78.20	26.68	38.80
210425 22:53:49	78.20	26.68	38.80
210425 22:53:54	78.20	26.69	38.75
210425 22:53:59	78.20	26.68	38.74
210425 22:54:04	78.20	26.69	38.75
210425 22:54:09	78.20	26.69	38.86
210425 22:54:14	78.20	26.69	38.84
210425 22:54:19	78.20	26.68	38.84
210425 22:54:24	78.20	26.68	38.85
210425 22:54:29	78.20	26.68	38.81
210425 22:54:34	78.20	26.68	38.82
210425 22:54:39	78.20	26.68	38.73
210425 22:54:44	78.20	26.69	38.84
210425 22:54:49	78.20	26.68	38.98
210425 22:54:54	78.20	26.68	39.52
210425 22:54:59	78.20	26.68	39.78
210425 22:55:04	78.20	26.68	39.39
210425 22:55:09	78.20	26.68	39.43
210425 22:55:14	78.20	26.68	39.82
210425 22:55:20	78.20	26.68	40.01
210425 22:55:25	78.20	26.67	39.27
210425 22:55:30	78.20	26.68	39.54
210425 22:55:35	78.20	26.67	39.96
210425 22:55:40	78.20	26.67	39.82
210425 22:55:45	78.20	26.67	39.65
210425 22:55:50	78.20	26.67	39.37
210425 22:55:55	78.20	26.67	39.48
210425 22:56:00	78.20	26.67	39.87
210425 22:56:05	78.20	26.67	39.82
210425 22:56:10	78.20	26.68	39.91
210425 22:56:15	78.20	26.68	39.86
210425 22:56:20	78.20	26.67	39.32
210425 22:56:25	78.20	26.67	39.20
210425 22:56:30	78.20	26.67	39.22
210425 22:56:35	78.20	26.67	39.20
210425 22:56:40	78.20	26.67	39.25
210425 22:56:45	78.20	26.67	40.03
210425 22:56:50	78.20	26.67	39.87
210425 22:56:55	78.20	26.67	39.78
210425 22:57:00	78.20	26.66	39.54
210425 22:57:05	78.20	26.66	40.23
210425 22:57:10	78.20	26.66	40.37
210425 22:57:15	78.20	26.66	40.02
210425 22:57:20	78.20	26.66	39.62
210425 22:57:25	78.20	26.66	39.55
210425 22:57:30	78.20	26.66	39.64
210425 22:57:35	78.20	26.66	39.43
210425 22:57:40	78.20	26.66	39.12
210425 22:57:45	78.21	26.65	39.27
210425 22:57:50	78.20	26.65	40.46
210425 22:57:55	78.20	26.65	40.72
210425 22:58:00	78.20	26.64	41.26
210425 22:58:05	78.20	26.64	41.24
210425 22:58:11	78.21	26.64	40.75
210425 22:58:16	78.21	26.64	40.40
210425 22:58:21	78.20	26.64	40.62
210425 22:58:26	78.21	26.64	40.64
210425 22:58:31	78.21	26.64	40.48
210425 22:58:36	78.20	26.64	40.32
210425 22:58:41	78.21	26.64	40.00
210425 22:58:46	78.21	26.63	40.25
210425 22:58:51	78.21	26.63	40.30
210425 22:58:56	78.21	26.64	39.96
210425 22:59:01	78.21	26.64	39.52
210425 22:59:06	78.20	26.64	39.45
210425 22:59:11	78.20	26.64	39.50
210425 22:59:16	78.21	26.64	40.66
210425 22:59:21	78.20	26.64	41.00
210425 22:59:26	78.21	26.63	40.41
210425 22:59:31	78.21	26.63	40.31
210425 22:59:36	78.21	26.64	40.49
210425 22:59:41	78.21	26.63	40.34
210425 22:59:46	78.21	26.64	39.85
210425 22:59:51	78.20	26.63	39.40
210425 22:59:56	78.20	26.63	39.29
210425 23:00:01	78.21	26.63	39.34
210425 23:00:06	78.21	26.63	39.13
210425 23:00:11	78.21	26.63	39.09
210425 23:00:16	78.21	26.63	39.20
210425 23:00:21	78.21	26.63	39.28
210425 23:00:26	78.21	26.63	39.21
210425 23:00:31	78.20	26.63	39.46
210425 23:00:36	78.21	26.63	39.47
210425 23:00:41	78.21	26.63	39.36
210425 23:00:46	78.21	26.63	39.60
210425 23:00:51	78.20	26.63	39.58
210425 23:00:56	78.21	26.63	39.56
210425 23:01:01	78.21	26.63	39.58
210425 23:01:07	78.21	26.63	39.72
210425 23:01:12	78.21	26.62	39.63
210425 23:01:17	78.21	26.62	39.35
210425 23:01:22	78.21	26.61	39.39
210425 23:01:27	78.21	26.62	39.32
210425 23:01:32	78.21	26.62	39.27
210425 23:01:37	78.21	26.61	39.22
210425 23:01:42	78.21	26.61	39.29
210425 23:01:47	78.21	26.61	40.07
210425 23:01:52	78.21	26.61	40.41
210425 23:01:57	78.21	26.60	40.31
210425 23:02:02	78.21	26.61	39.87
210425 23:02:07	78.21	26.61	39.61
210425 23:02:12	78.21	26.60	39.70
210425 23:02:17	78.21	26.61	39.59
210425 23:02:22	78.21	26.61	39.61
210425 23:02:27	78.21	26.60	39.72
210425 23:02:32	78.21	26.60	39.51
210425 23:02:37	78.21	26.60	39.39
210425 23:02:42	78.21	26.60	39.40
210425 23:02:47	78.21	26.60	39.70
210425 23:02:52	78.21	26.60	40.12
210425 23:02:57	78.21	26.59	39.60
210425 23:03:02	78.21	26.60	39.55
210425 23:03:07	78.21	26.59	39.35
210425 23:03:12	78.21	26.59	39.32
210425 23:03:17	78.21	26.58	39.11
210425 23:03:22	78.21	26.59	39.04
210425 23:03:27	78.21	26.59	39.20
210425 23:03:32	78.21	26.59	39.40
210425 23:03:37	78.21	26.59	39.49
210425 23:03:42	78.21	26.58	39.76
210425 23:03:47	78.21	26.57	39.86
210425 23:03:52	78.21	26.55	39.66
210425 23:03:57	78.21	26.55	39.99
210425 23:04:02	78.21	26.56	40.21
210425 23:04:08	78.21	26.56	40.33
210425 23:04:13	78.21	26.57	39.67
210425 23:04:18	78.21	26.58	39.59
210425 23:04:23	78.21	26.59	39.47
210425 23:04:28	78.21	26.59	39.51
210425 23:04:33	78.21	26.59	40.08
210425 23:04:38	78.21	26.59	39.91
210425 23:04:43	78.21	26.59	39.80
210425 23:04:48	78.21	26.60	39.71
210425 23:04:53	78.21	26.61	39.70
210425 23:04:58	78.21	26.61	39.89
210425 23:05:03	78.21	26.61	41.13
210425 23:05:08	78.21	26.62	41.85
210425 23:05:13	78.21	26.62	41.82
210425 23:05:18	78.21	26.63	41.52
210425 23:05:23	78.21	26.62	41.15
210425 23:05:28	78.21	26.62	41.10
210425 23:05:33	78.21	26.61	40.98
210425 23:05:38	78.21	26.61	41.17
210425 23:05:43	78.21	26.60	41.75
210425 23:05:48	78.21	26.60	41.37
210425 23:05:53	78.21	26.61	41.13
210425 23:05:58	78.21	26.61	41.37
210425 23:06:03	78.21	26.60	41.54
210425 23:06:08	78.21	26.60	41.63
210425 23:06:13	78.21	26.60	41.43
210425 23:06:18	78.21	26.59	41.36
210425 23:06:23	78.20	26.59	41.24
210425 23:06:28	78.21	26.60	41.26
210425 23:06:33	78.21	26.59	42.05
210425 23:06:38	78.21	26.59	41.96
210425 23:06:43	78.21	26.58	42.03
210425 23:06:48	78.21	26.58	42.29
210425 23:06:53	78.21	26.56	41.47
210425 23:06:58	78.21	26.56	41.43
210425 23:07:04	78.21	26.57	41.26
210425 23:07:09	78.21	26.56	41.58
210425 23:07:14	78.21	26.56	41.66
210425 23:07:19	78.21	26.57	41.74
210425 23:07:24	78.21	26.55	42.06
210425 23:07:29	78.21	26.53	42.24
210425 23:07:34	78.21	26.53	42.20
210425 23:07:39	78.21	26.52	42.26
210425 23:07:44	78.20	26.52	42.35
210425 23:07:49	78.21	26.52	42.11
210425 23:07:54	78.21	26.52	42.33
210425 23:07:59	78.21	26.52	41.83
210425 23:08:04	78.21	26.51	41.57
210425 23:08:09	78.21	26.50	41.77
210425 23:08:14	78.21	26.50	42.08
210425 23:08:19	78.21	26.49	41.93
210425 23:08:24	78.21	26.49	41.79
210425 23:08:29	78.21	26.49	41.75
210425 23:08:34	78.21	26.48	41.59
210425 23:08:39	78.21	26.48	41.91
210425 23:08:44	78.21	26.48	42.00
210425 23:08:49	78.21	26.48	42.04
210425 23:08:54	78.21	26.48	42.30
210425 23:08:59	78.21	26.48	42.37
210425 23:09:04	78.21	26.48	42.61
210425 23:09:09	78.21	26.47	42.38
210425 23:09:14	78.21	26.46	42.19
210425 23:09:19	78.21	26.46	42.19
210425 23:09:24	78.21	26.46	41.77
210425 23:09:29	78.21	26.46	41.75
210425 23:09:34	78.21	26.45	42.14
210425 23:09:39	78.21	26.44	42.05
210425 23:09:44	78.21	26.45	42.19
210425 23:09:49	78.21	26.44	42.03
210425 23:09:54	78.21	26.44	42.05
210425 23:10:00	78.21	26.44	42.06
210425 23:10:05	78.21	26.44	42.16
210425 23:10:10	78.21	26.43	41.90
210425 23:10:15	78.21	26.43	41.81
210425 23:10:20	78.21	26.44	41.90
210425 23:10:25	78.21	26.44	41.94
210425 23:10:30	78.21	26.44	42.16
210425 23:10:35	78.21	26.44	41.96
210425 23:10:40	78.21	26.43	42.18
210425 23:10:45	78.21	26.43	42.26
210425 23:10:50	78.21	26.42	42.17
210425 23:10:55	78.21	26.43	42.13
210425 23:11:00	78.21	26.44	41.88
210425 23:11:05	78.21	26.44	42.13
210425 23:11:10	78.21	26.43	42.05
210425 23:11:15	78.21	26.43	42.04
210425 23:11:20	78.21	26.42	42.13
210425 23:11:25	78.21	26.41	42.02
210425 23:11:30	78.21	26.42	41.78
210425 23:11:35	78.21	26.42	41.88
210425 23:11:40	78.21	26.42	41.66
210425 23:11:45	78.22	26.41	41.97
210425 23:11:50	78.22	26.41	41.83
210425 23:11:55	78.21	26.42	41.82
210425 23:12:00	78.21	26.41	41.73
210425 23:12:05	78.22	26.41	41.85
210425 23:12:10	78.22	26.42	41.92
210425 23:12:15	78.21	26.42	41.79
210425 23:12:20	78.21	26.42	41.39
210425 23:12:25	78.22	26.43	41.22
210425 23:12:30	78.21	26.43	41.82
210425 23:12:35	78.21	26.44	41.72
210425 23:12:40	78.21	26.43	41.59
210425 23:12:45	78.21	26.44	41.70
210425 23:12:51	78.21	26.43	41.72
210425 23:12:56	78.22	26.42	41.07
210425 23:13:01	78.22	26.43	40.97
210425 23:13:06	78.22	26.42	41.23
210425 23:13:11	78.22	26.42	41.45
210425 23:13:16	78.22	26.42	41.39
210425 23:13:21	78.22	26.43	41.27
210425 23:13:26	78.22	26.43	41.41
210425 23:13:31	78.22	26.44	41.48
210425 23:13:36	78.22	26.44	41.46
210425 23:13:41	78.22	26.44	41.42
210425 23:13:46	78.22	26.45	41.46
210425 23:13:51	78.22	26.45	41.57
210425 23:13:56	78.21	26.44	41.45
210425 23:14:01	78.22	26.44	41.08
210425 23:14:06	78.22	26.44	41.14
210425 23:14:11	78.22	26.44	41.08
210425 23:14:16	78.22	26.44	41.12
210425 23:14:21	78.22	26.44	41.20
210425 23:14:26	78.22	26.43	41.15
210425 23:14:31	78.22	26.43	41.33
210425 23:14:36	78.22	26.43	41.33
210425 23:14:41	78.22	26.43	41.45
210425 23:14:46	78.22	26.43	41.46
210425 23:14:51	78.22	26.44	41.44
210425 23:14:56	78.22	26.44	41.27
210425 23:15:01	78.22	26.44	41.30
210425 23:15:06	78.22	26.44	41.29
210425 23:15:11	78.22	26.44	41.28
210425 23:15:16	78.22	26.44	41.28
210425 23:15:21	78.22	26.43	41.20
210425 23:15:26	78.22	26.44	41.28
210425 23:15:31	78.22	26.44	41.00
210425 23:15:36	78.22	26.43	41.23
210425 23:15:41	78.22	26.44	41.15
210425 23:15:46	78.22	26.44	41.03
210425 23:15:52	78.22	26.44	41.12
210425 23:15:57	78.22	26.43	41.08
210425 23:16:02	78.22	26.44	41.18
210425 23:16:07	78.22	26.43	40.98
210425 23:16:12	78.22	26.44	40.98
210425 23:16:17	78.22	26.44	41.08
210425 23:16:22	78.22	26.43	41.14
210425 23:16:27	78.22	26.44	41.21
210425 23:16:32	78.22	26.43	41.22
210425 23:16:37	78.22	26.44	41.09
210425 23:16:42	78.22	26.44	41.11
210425 23:16:47	78.22	26.44	41.05
210425 23:16:52	78.22	26.44	40.84
210425 23:16:57	78.22	26.44	40.91
210425 23:17:02	78.22	26.43	41.00
210425 23:17:07	78.22	26.42	40.97
210425 23:17:12	78.22	26.43	41.00
210425 23:17:17	78.22	26.43	40.92
210425 23:17:22	78.22	26.43	40.85
210425 23:17:27	78.22	26.44	40.76
210425 23:17:32	78.22	26.43	40.73
210425 23:17:37	78.22	26.43	40.69
210425 23:17:42	78.22	26.43	40.51
210425 23:17:47	78.22	26.42	40.68
210425 23:17:52	78.22	26.43	40.77
210425 23:17:57	78.22	26.43	40.86
210425 23:18:02	78.22	26.43	40.67
210425 23:18:07	78.22	26.44	40.93
210425 23:18:12	78.22	26.44	40.98
210425 23:18:17	78.22	26.44	40.83
210425 23:18:22	78.22	26.44	40.80
210425 23:18:27	78.22	26.44	40.78
210425 23:18:32	78.22	26.45	40.77
210425 23:18:37	78.22	26.45	40.82
210425 23:18:43	78.23	26.46	40.85
210425 23:18:48	78.22	26.46	40.78
210425 23:18:53	78.22	26.46	40.76
210425 23:18:58	78.23	26.46	40.74
210425 23:19:03	78.22	26.45	40.54
210425 23:19:08	78.22	26.45	40.60
210425 23:19:13	78.22	26.45	40.46
210425 23:19:18	78.22	26.45	40.38
210425 23:19:23	78.22	26.46	40.37
210425 23:19:28	78.23	26.46	40.35
210425 23:19:33	78.22	26.46	40.42
210425 23:19:38	78.22	26.45	40.61
210425 23:19:43	78.22	26.45	40.40
210425 23:19:48	78.22	26.45	40.35
210425 23:19:53	78.23	26.45	40.10
210425 23:19:58	78.22	26.45	40.03
210425 23:20:03	78.23	26.46	39.81
210425 23:20:08	78.22	26.47	39.92
210425 23:20:13	78.23	26.46	40.27
210425 23:20:18	78.22	26.46	40.39
210425 23:20:23	78.23	26.47	40.33
210425 23:20:28	78.23	26.47	40.46
210425 23:20:33	78.23	26.47	40.17
210425 23:20:38	78.23	26.48	40.47
210425 23:20:43	78.22	26.47	40.49
210425 23:20:48	78.22	26.48	40.48
210425 23:20:53	78.23	26.47	40.56
210425 23:20:58	78.23	26.47	40.36
210425 23:21:03	78.22	26.47	40.41
210425 23:21:08	78.23	26.47	40.49
210425 23:21:13	78.23	26.47	40.33
210425 23:21:18	78.22	26.46	40.18
210425 23:21:23	78.23	26.46	40.27
210425 23:21:28	78.23	26.46	40.42
210425 23:21:33	78.22	26.45	40.27
210425 23:21:38	78.22	26.46	40.08
210425 23:21:44	78.23	26.46	39.87
210425 23:21:49	78.23	26.46	40.02
210425 23:21:54	78.23	26.45	39.97
210425 23:21:59	78.23	26.45	40.07
210425 23:22:04	78.23	26.45	40.00
210425 23:22:09	78.23	26.46	40.48
210425 23:22:14	78.23	26.45	40.19
210425 23:22:19	78.23	26.45	40.36
210425 23:22:24	78.23	26.45	40.46
210425 23:22:29	78.23	26.45	40.54
210425 23:22:34	78.23	26.45	40.76
210425 23:22:39	78.23	26.45	40.68
210425 23:22:44	78.23	26.45	40.45
210425 23:22:49	78.23	26.45	40.37
210425 23:22:54	78.23	26.44	40.48
210425 23:22:59	78.23	26.44	40.19
210425 23:23:04	78.23	26.44	40.20
210425 23:23:09	78.23	26.45	40.40
210425 23:23:14	78.23	26.45	40.35
210425 23:23:19	78.23	26.45	40.44
210425 23:23:24	78.23	26.45	40.68
210425 23:23:29	78.23	26.46	40.68
210425 23:23:34	78.23	26.46	40.56
210425 23:23:39	78.23	26.46	40.39
210425 23:23:44	78.23	26.46	40.47
210425 23:23:49	78.23	26.46	40.66
210425 23:23:54	78.23	26.47	40.59
210425 23:23:59	78.23	26.46	40.36
210425 23:24:04	78.23	26.46	40.15
210425 23:24:09	78.23	26.46	40.11
210425 23:24:14	78.23	26.47	40.25
210425 23:24:19	78.23	26.47	40.27
210425 23:24:24	78.23	26.47	40.35
210425 23:24:29	78.23	26.46	40.22
210425 23:24:35	78.23	26.46	39.91
210425 23:24:40	78.23	26.46	39.77
210425 23:24:45	78.23	26.45	40.04
210425 23:24:50	78.23	26.45	40.20
210425 23:24:55	78.23	26.45	40.14
210425 23:25:00	78.23	26.44	40.08
210425 23:25:05	78.23	26.45	40.14
210425 23:25:10	78.23	26.44	40.12
210425 23:25:15	78.23	26.45	40.19
210425 23:25:20	78.23	26.44	40.27
210425 23:25:25	78.23	26.44	40.29
210425 23:25:30	78.23	26.44	40.18
210425 23:25:35	78.23	26.44	40.27
210425 23:25:40	78.23	26.44	40.28
210425 23:25:45	78.23	26.44	40.15
210425 23:25:50	78.23	26.43	40.25
210425 23:25:55	78.23	26.43	40.17
210425 23:26:00	78.23	26.44	40.10
210425 23:26:05	78.23	26.43	40.00
210425 23:26:10	78.23	26.43	39.87
210425 23:26:15	78.23	26.43	40.05
210425 23:26:20	78.24	26.43	40.21
210425 23:26:25	78.23	26.44	40.19
210425 23:26:30	78.23	26.43	40.15
210425 23:26:35	78.23	26.44	40.17
210425 23:26:40	78.23	26.43	40.08
210425 23:26:45	78.23	26.43	40.07
210425 23:26:50	78.23	26.43	40.02
210425 23:26:55	78.23	26.43	40.29
210425 23:27:00	78.23	26.44	40.32
210425 23:27:05	78.23	26.44	40.23
210425 23:27:10	78.23	26.44	40.26
210425 23:27:15	78.23	26.44	40.07
210425 23:27:20	78.23	26.43	40.04
210425 23:27:26	78.23	26.44	40.04
210425 23:27:31	78.23	26.44	40.00
210425 23:27:36	78.24	26.44	40.01
210425 23:27:41	78.23	26.44	40.01
210425 23:27:46	78.23	26.45	40.04
210425 23:27:51	78.23	26.45	39.99
210425 23:27:56	78.23	26.44	39.91
210425 23:28:01	78.23	26.45	39.90
210425 23:28:06	78.23	26.44	39.92
210425 23:28:11	78.23	26.44	39.77
210425 23:28:16	78.23	26.45	40.11
210425 23:28:21	78.23	26.45	40.02
210425 23:28:26	78.23	26.45	40.14
210425 23:28:31	78.23	26.45	40.18
210425 23:28:36	78.24	26.45	40.18
210425 23:28:41	78.23	26.45	40.15
210425 23:28:46	78.23	26.45	40.20
210425 23:28:51	78.23	26.44	40.17
210425 23:28:56	78.23	26.44	40.23
210425 23:29:01	78.23	26.45	40.23
210425 23:29:06	78.23	26.44	40.09
210425 23:29:11	78.23	26.44	40.08
210425 23:29:16	78.23	26.44	39.98
210425 23:29:21	78.23	26.43	40.02
210425 23:29:26	78.23	26.43	40.09
210425 23:29:31	78.23	26.43	40.01
210425 23:29:36	78.23	26.43	39.93
210425 23:29:41	78.23	26.43	39.85
210425 23:29:46	78.23	26.43	39.92
210425 23:29:51	78.23	26.43	39.84
210425 23:29:56	78.23	26.43	39.93
210425 23:30:01	78.23	26.43	39.86
210425 23:30:06	78.23	26.42	39.96
210425 23:30:12	78.23	26.41	39.91
210425 23:30:17	78.23	26.41	39.96
210425 23:30:22	78.23	26.42	40.05
210425 23:30:27	78.23	26.42	40.09
210425 23:30:32	78.23	26.42	40.09
210425 23:30:37	78.23	26.42	40.13
210425 23:30:42	78.23	26.42	40.20
210425 23:30:47	78.23	26.43	40.25
210425 23:30:52	78.23	26.42	40.10
210425 23:30:57	78.23	26.43	40.09
210425 23:31:02	78.23	26.43	40.10
210425 23:31:07	78.23	26.43	40.05
210425 23:31:12	78.23	26.43	40.10
210425 23:31:17	78.23	26.43	40.04
210425 23:31:22	78.23	26.43	40.09
210425 23:31:27	78.23	26.43	40.10
210425 23:31:32	78.23	26.43	40.11
210425 23:31:37	78.23	26.43	40.05
210425 23:31:42	78.23	26.43	39.95
210425 23:31:47	78.23	26.43	40.05
210425 23:31:52	78.23	26.43	39.95
210425 23:31:57	78.23	26.43	40.15
210425 23:32:02	78.24	26.43	40.41
210425 23:32:07	78.23	26.42	40.20
210425 23:32:12	78.23	26.40	40.22
210425 23:32:17	78.23	26.40	40.28
210425 23:32:22	78.23	26.40	40.23
210425 23:32:27	78.23	26.39	40.22
210425 23:32:32	78.23	26.40	40.32
210425 23:32:37	78.23	26.40	40.39
210425 23:32:42	78.23	26.41	40.42
210425 23:32:47	78.23	26.41	40.26
210425 23:32:52	78.23	26.40	40.20
210425 23:32:57	78.23	26.41	40.16
210425 23:33:03	78.23	26.41	40.13
210425 23:33:08	78.23	26.41	40.23
210425 23:33:13	78.23	26.40	40.28
210425 23:33:18	78.23	26.40	40.22
210425 23:33:23	78.23	26.41	39.97
210425 23:33:28	78.23	26.41	40.00
210425 23:33:33	78.23	26.40	40.07
210425 23:33:38	78.23	26.40	40.19
210425 23:33:43	78.23	26.39	40.07
210425 23:33:48	78.23	26.40	40.19
210425 23:33:53	78.23	26.39	40.12
210425 23:33:58	78.23	26.39	40.02
210425 23:34:03	78.23	26.39	40.04
210425 23:34:08	78.23	26.39	40.01
210425 23:34:13	78.23	26.39	40.03
210425 23:34:18	78.23	26.39	40.05
210425 23:34:23	78.23	26.38	40.27
210425 23:34:28	78.23	26.38	40.24
210425 23:34:33	78.23	26.38	40.07
210425 23:34:38	78.23	26.39	40.06
210425 23:34:43	78.23	26.38	40.11
210425 23:34:48	78.23	26.38	40.06
210425 23:34:53	78.23	26.38	39.95
210425 23:34:58	78.23	26.38	39.99
210425 23:35:03	78.23	26.37	40.10
210425 23:35:08	78.23	26.38	39.99
210425 23:35:13	78.23	26.37	40.06
210425 23:35:18	78.23	26.37	39.88
210425 23:35:23	78.23	26.37	39.80
210425 23:35:28	78.23	26.37	39.78
210425 23:35:33	78.23	26.38	39.94
210425 23:35:38	78.23	26.38	39.87
210425 23:35:43	78.23	26.38	39.91
210425 23:35:48	78.23	26.38	40.00
210425 23:35:54	78.23	26.38	40.06
210425 23:35:59	78.23	26.38	39.94
210425 23:36:04	78.23	26.39	39.84
210425 23:36:09	78.23	26.39	39.94
210425 23:36:14	78.23	26.38	39.97
210425 23:36:19	78.23	26.39	39.92
210425 23:36:24	78.23	26.39	39.98
210425 23:36:29	78.23	26.39	40.10
210425 23:36:34	78.23	26.40	40.15
210425 23:36:39	78.23	26.40	40.13
210425 23:36:44	78.23	26.40	40.00
210425 23:36:49	78.23	26.39	39.98
210425 23:36:54	78.23	26.40	40.03
210425 23:36:59	78.23	26.39	39.85
210425 23:37:04	78.23	26.39	39.86
210425 23:37:09	78.23	26.39	39.95
210425 23:37:14	78.23	26.39	39.92
210425 23:37:19	78.23	26.39	39.98
210425 23:37:24	78.23	26.39	39.93
210425 23:37:29	78.23	26.38	40.00
210425 23:37:34	78.23	26.38	39.97
210425 23:37:39	78.23	26.38	39.87
210425 23:37:44	78.23	26.38	39.83
210425 23:37:49	78.23	26.38	39.67
210425 23:37:54	78.23	26.38	39.73
210425 23:37:59	78.23	26.38	39.76
210425 23:38:04	78.22	26.38	39.80
210425 23:38:09	78.23	26.37	39.80
210425 23:38:14	78.23	26.37	39.86
210425 23:38:19	78.23	26.37	39.86
210425 23:38:24	78.23	26.37	39.91
210425 23:38:29	78.22	26.37	39.87
210425 23:38:34	78.23	26.37	39.87
210425 23:38:39	78.23	26.37	39.78
210425 23:38:45	78.23	26.38	39.79
210425 23:38:50	78.23	26.38	40.02
210425 23:38:55	78.23	26.38	40.25
210425 23:39:00	78.23	26.38	40.15
210425 23:39:05	78.23	26.38	40.62
210425 23:39:10	78.23	26.38	40.24
210425 23:39:15	78.23	26.37	40.07
210425 23:39:20	78.23	26.38	39.77
210425 23:39:25	78.23	26.38	39.83
210425 23:39:30	78.22	26.38	39.90
210425 23:39:35	78.22	26.38	39.74
210425 23:39:40	78.22	26.37	39.66
210425 23:39:45	78.23	26.36	39.71
210425 23:39:50	78.22	26.37	39.70
210425 23:39:55	78.22	26.37	39.68
210425 23:40:00	78.23	26.37	39.95
210425 23:40:05	78.22	26.37	40.15
210425 23:40:10	78.22	26.38	40.04
210425 23:40:15	78.23	26.38	39.97
210425 23:40:20	78.23	26.38	39.79
210425 23:40:25	78.22	26.38	40.14
210425 23:40:30	78.22	26.38	40.15
210425 23:40:35	78.22	26.37	39.90
210425 23:40:40	78.23	26.38	39.79
210425 23:40:45	78.22	26.38	39.76
210425 23:40:50	78.22	26.38	39.81
210425 23:40:55	78.22	26.38	39.72
210425 23:41:00	78.22	26.37	39.79
210425 23:41:05	78.22	26.38	39.76
210425 23:41:10	78.23	26.37	39.80
210425 23:41:15	78.23	26.37	39.90
210425 23:41:20	78.22	26.37	39.70
210425 23:41:25	78.22	26.36	39.65
210425 23:41:30	78.22	26.36	39.71
210425 23:41:36	78.22	26.36	39.64
210425 23:41:41	78.22	26.36	39.71
210425 23:41:46	78.22	26.36	39.94
210425 23:41:51	78.22	26.36	39.97
210425 23:41:56	78.22	26.36	39.79
210425 23:42:01	78.22	26.36	39.96
210425 23:42:06	78.22	26.36	39.88
210425 23:42:11	78.22	26.35	39.79
210425 23:42:16	78.22	26.34	39.71
210425 23:42:21	78.22	26.34	39.96
210425 23:42:26	78.22	26.35	39.88
210425 23:42:31	78.22	26.35	39.71
210425 23:42:36	78.22	26.35	39.75
210425 23:42:41	78.22	26.35	40.00
210425 23:42:46	78.22	26.36	40.38
210425 23:42:51	78.22	26.35	40.12
210425 23:42:56	78.22	26.35	39.89
210425 23:43:01	78.22	26.35	39.76
210425 23:43:06	78.22	26.35	39.75
210425 23:43:11	78.22	26.35	39.71
210425 23:43:16	78.22	26.35	39.75
210425 23:43:21	78.22	26.36	39.87
210425 23:43:26	78.22	26.36	40.06
210425 23:43:31	78.22	26.35	39.90
210425 23:43:36	78.22	26.36	39.72
210425 23:43:41	78.22	26.36	39.83
210425 23:43:46	78.22	26.34	39.84
210425 23:43:51	78.22	26.35	39.74
210425 23:43:56	78.22	26.35	39.78
210425 23:44:01	78.22	26.35	39.92
210425 23:44:06	78.22	26.36	39.92
210425 23:44:11	78.22	26.35	39.88
210425 23:44:16	78.22	26.36	39.64
210425 23:44:21	78.22	26.36	39.89
210425 23:44:26	78.22	26.35	39.66
210425 23:44:31	78.22	26.35	39.54
210425 23:44:37	78.22	26.35	39.52
210425 23:44:42	78.22	26.35	39.57
210425 23:44:47	78.22	26.35	39.56
210425 23:44:52	78.22	26.35	39.66
210425 23:44:57	78.22	26.35	39.57
210425 23:45:02	78.22	26.35	39.52
210425 23:45:07	78.22	26.35	39.54
210425 23:45:12	78.22	26.36	39.56
210425 23:45:17	78.22	26.35	39.67
210425 23:45:22	78.22	26.36	39.89
210425 23:45:27	78.22	26.35	39.73
210425 23:45:32	78.22	26.36	39.76
210425 23:45:37	78.22	26.36	39.69
210425 23:45:42	78.22	26.36	39.52
210425 23:45:47	78.22	26.36	39.46
210425 23:45:52	78.22	26.36	39.44
210425 23:45:57	78.22	26.36	39.44
210425 23:46:02	78.22	26.36	39.38
210425 23:46:07	78.22	26.36	39.38
210425 23:46:12	78.22	26.36	39.46
210425 23:46:17	78.22	26.36	39.59
210425 23:46:22	78.22	26.36	40.14
210425 23:46:27	78.22	26.36	39.66
210425 23:46:32	78.22	26.35	39.64
210425 23:46:37	78.21	26.34	39.64
210425 23:46:42	78.22	26.34	39.51
210425 23:46:47	78.22	26.34	39.57
210425 23:46:52	78.21	26.35	39.65
210425 23:46:57	78.21	26.35	40.01
210425 23:47:02	78.22	26.35	39.82
210425 23:47:07	78.22	26.35	39.56
210425 23:47:12	78.22	26.35	39.62
210425 23:47:17	78.22	26.35	39.62
210425 23:47:22	78.22	26.35	39.62
210425 23:47:27	78.22	26.36	39.70
210425 23:47:33	78.22	26.36	39.70
210425 23:47:38	78.22	26.36	39.66
210425 23:47:43	78.22	26.36	39.77
210425 23:47:48	78.22	26.36	40.16
210425 23:47:53	78.22	26.36	40.13
210425 23:47:58	78.22	26.37	40.07
210425 23:48:03	78.22	26.38	39.86
210425 23:48:08	78.22	26.38	39.71
210425 23:48:13	78.21	26.37	39.68
210425 23:48:18	78.22	26.37	39.38
210425 23:48:23	78.21	26.36	39.28
210425 23:48:28	78.22	26.37	39.26
210425 23:48:33	78.22	26.36	39.37
210425 23:48:38	78.22	26.36	39.54
210425 23:48:43	78.22	26.35	39.63
210425 23:48:48	78.22	26.36	39.57
210425 23:48:53	78.22	26.36	39.53
210425 23:48:58	78.22	26.36	39.46
210425 23:49:03	78.22	26.36	39.54
210425 23:49:08	78.22	26.36	39.49
210425 23:49:13	78.22	26.36	39.74
210425 23:49:18	78.22	26.36	39.60
210425 23:49:23	78.22	26.36	39.39
210425 23:49:28	78.22	26.36	39.45
210425 23:49:33	78.22	26.36	39.48
210425 23:49:38	78.22	26.36	39.46
210425 23:49:43	78.22	26.36	39.86
210425 23:49:48	78.22	26.35	39.75
210425 23:49:53	78.22	26.35	39.59
210425 23:49:58	78.22	26.35	39.55
210425 23:50:03	78.22	26.34	39.41
210425 23:50:08	78.22	26.34	39.45
210425 23:50:13	78.22	26.34	39.55
210425 23:50:18	78.22	26.35	39.52
210425 23:50:23	78.22	26.34	39.73
210425 23:50:28	78.22	26.35	39.76
210425 23:50:34	78.22	26.33	39.63
210425 23:50:39	78.22	26.33	39.48
210425 23:50:44	78.22	26.33	39.45
210425 23:50:49	78.22	26.32	39.40
210425 23:50:54	78.22	26.32	39.16
210425 23:50:59	78.22	26.32	39.29
210425 23:51:04	78.22	26.32	39.27
210425 23:51:09	78.22	26.32	39.34
210425 23:51:14	78.22	26.32	39.26
210425 23:51:19	78.22	26.33	39.23
210425 23:51:24	78.22	26.33	39.34
210425 23:51:29	78.22	26.32	39.37
210425 23:51:34	78.22	26.33	39.60
210425 23:51:39	78.22	26.33	39.48
210425 23:51:44	78.22	26.33	39.58
210425 23:51:49	78.22	26.33	39.72
210425 23:51:54	78.22	26.33	39.66
210425 23:51:59	78.22	26.33	40.05
210425 23:52:04	78.22	26.34	39.80
210425 23:52:09	78.22	26.34	39.72
210425 23:52:14	78.22	26.34	39.77
210425 23:52:19	78.22	26.34	39.98
210425 23:52:24	78.22	26.34	40.06
210425 23:52:29	78.22	26.34	39.73
210425 23:52:34	78.22	26.34	39.63
210425 23:52:39	78.22	26.34	39.66
210425 23:52:44	78.22	26.34	39.71
210425 23:52:49	78.22	26.34	39.70
210425 23:52:54	78.22	26.35	39.88
210425 23:52:59	78.22	26.35	40.18
210425 23:53:04	78.22	26.34	40.02
210425 23:53:09	78.22	26.34	39.77
210425 23:53:14	78.23	26.33	39.70
210425 23:53:19	78.22	26.34	39.74
210425 23:53:25	78.22	26.33	39.65
210425 23:53:30	78.22	26.33	39.79
210425 23:53:35	78.23	26.33	39.75
210425 23:53:40	78.22	26.33	39.63
210425 23:53:45	78.22	26.34	39.57
210425 23:53:50	78.23	26.34	39.70
210425 23:53:55	78.23	26.34	39.65
210425 23:54:00	78.23	26.34	39.51
210425 23:54:05	78.23	26.34	39.55
210425 23:54:10	78.22	26.34	39.57
210425 23:54:15	78.23	26.34	39.62
210425 23:54:20	78.22	26.34	39.59
210425 23:54:25	78.23	26.34	39.58
210425 23:54:30	78.23	26.34	39.51
210425 23:54:35	78.23	26.35	39.61
210425 23:54:40	78.23	26.34	39.50
210425 23:54:45	78.22	26.34	39.44
210425 23:54:50	78.23	26.34	39.46
210425 23:54:55	78.23	26.34	39.55
210425 23:55:00	78.23	26.34	39.53
210425 23:55:05	78.23	26.34	39.51
210425 23:55:10	78.23	26.34	39.53
210425 23:55:15	78.23	26.34	39.45
210425 23:55:20	78.23	26.34	39.41
210425 23:55:25	78.23	26.33	39.45
210425 23:55:30	78.23	26.33	39.55
210425 23:55:35	78.23	26.33	39.66
210425 23:55:40	78.23	26.34	39.99
210425 23:55:45	78.23	26.34	39.74
210425 23:55:50	78.23	26.34	39.75
210425 23:55:55	78.23	26.34	39.42
210425 23:56:00	78.23	26.34	39.48
210425 23:56:05	78.23	26.35	39.67
210425 23:56:10	78.23	26.34	39.76
210425 23:56:15	78.23	26.34	39.76
210425 23:56:21	78.23	26.34	39.54
210425 23:56:26	78.23	26.34	39.43
210425 23:56:31	78.22	26.33	39.50
210425 23:56:36	78.23	26.33	39.56
210425 23:56:41	78.23	26.32	39.42
210425 23:56:46	78.23	26.32	39.51
210425 23:56:51	78.23	26.32	39.57
210425 23:56:56	78.23	26.32	39.54
210425 23:57:01	78.23	26.31	39.63
210425 23:57:06	78.23	26.32	39.51
210425 23:57:11	78.23	26.32	39.49
210425 23:57:16	78.23	26.31	39.41
210425 23:57:21	78.23	26.32	39.40
210425 23:57:26	78.23	26.32	39.46
210425 23:57:31	78.23	26.32	39.49
210425 23:57:36	78.23	26.32	39.68
210425 23:57:41	78.23	26.32	39.90
210425 23:57:46	78.23	26.31	39.68
210425 23:57:51	78.23	26.32	39.54
210425 23:57:56	78.23	26.32	39.49
210425 23:58:01	78.23	26.32	39.46
210425 23:58:06	78.23	26.32	39.50
210425 23:58:11	78.23	26.32	39.41
210425 23:58:16	78.23	26.32	39.34
210425 23:58:21	78.23	26.33	39.31
210425 23:58:26	78.23	26.33	39.37
210425 23:58:31	78.23	26.33	39.40
210425 23:58:36	78.23	26.33	39.54
210425 23:58:41	78.23	26.33	39.50
210425 23:58:46	78.23	26.33	39.39
210425 23:58:51	78.23	26.33	39.34
210425 23:58:56	78.23	26.32	39.59
210425 23:59:01	78.23	26.33	39.63
210425 23:59:06	78.23	26.33	39.53
210425 23:59:12	78.23	26.33	39.60
210425 23:59:17	78.23	26.33	40.01
210425 23:59:22	78.23	26.33	39.94
210425 23:59:27	78.23	26.33	39.74
210425 23:59:32	78.23	26.33	39.79
210425 23:59:37	78.23	26.33	39.67
210425 23:59:42	78.23	26.33	39.59
210425 23:59:47	78.23	26.33	39.53
210425 23:59:52	78.23	26.33	39.56
210425 23:59:57	78.23	26.34	39.46
