Test 1	Fecha: 2020.12.30

Temp[°C]
647
646
649
640
641
642
639
635
638
643
640
640
637
641
641
642
637
642
644
641
639
640
644
643
643
638
642
643
643
638
642
645
642
639
639
644
644
646
638
643
645
642
638
640
644
642
640
638
644
643
646
638
643
644
641
638
640
643
642
642
639
644
644
643
637
641
644
641
639
639
644
643
644
638
643
644
641
637
641
644
642
640
639
644
643
646
638
643
644
641
638
640
645
642
641
638
644
643
644
637
642
645
641
639
640
644
642
644
638
643
644
643
638
642
644
640
638
639
644
644
646
636
643
644
642
637
641
644
642
641
637
643
644
645
638
643
645
642
639
640
645
642
643
638
643
644
643
638
642
644
641
639
640
645
643
645
637
644
644
642
638
641
645
642
640
639
644
644
646
638
643
644
642
638
640
644
642
642
639
644
644
644
637
642
645
641
639
639
644
643
644
638
642
644
642
636
641
644
641
639
639
644
643
646
637
643
644
640
637
639
645
642
640
638
644
643
645
637
642
643
641
638
640
643
643
642
638
643
644
643
636
641
643
641
638
639
644
643
644
637
642
644
641
637
640
645
642
639
639
644
643
644
637
643
644
641
638
639
644
641
641
638
643
642
644
636
640
642
639
635
637
642
639
640
635
641
642
642
636
641
643
640
638
638
643
642
644
636
642
642
641
636
640
643
641
638
638
643
643
644
636
641
642
640
637
639
642
640
639
637
643
641
644
636
640
642
639
637
639
643
641
642
636
641
641
641
635
640
643
639
638
638
643
642
643
636
641
642
641
636
639
643
640
638
636
642
641
645
637
641
643
640
636
639
643
641
640
637
642
642
644
637
642
644
641
639
640
645
644
644
638
645
646
645
640
644
647
645
643
644
648
647
650
643
647
649
648
643
647
651
648
646
646
651
651
653
645
650
652
649
645
649
653
651
650
649
656
657
659
661
708
748
786
840
893
914
930
941
949
955
955
962
963
964
964
962
964
935
908
885
868
856
857
875
911
924
929
934
934
938
941
951
960
967
970
971
971
973
973
974
972
970
958
954
950
948
945
944
943
940
941
939
940
940
938
936
938
941
948
953
957
965
966
961
966
969
960
961
959
956
953
949
945
945
944
944
940
939
941
940
940
940
938
939
942
942
951
959
961
964
961
965
966
966
970
968
964
955
950
947
946
945
943
937
893
795
738
715
691
685
680
672
664
664
663
659
656
652
656
654
655
646
651
652
649
644
646
650
647
645
643
647
648
649
642
646
649
646
642
643
649
647
648
646
679
766
796
819
855
890
915
928
937
943
946
949
949
952
953
954
953
950
949
948
945
944
945
943
944
942
943
941
940
941
940
942
945
947
952
963
969
970
970
972
972
976
970
972
976
970
962
956
953
952
949
947
946
945
943
942
942
943
942
944
943
951
961
965
965
969
968
967
972
973
969
961
956
952
950
947
947
945
944
943
942
941
942
942
943
947
945
949
963
963
970
971
971
971
973
971
964
956
953
950
946
946
943
942
938
936
929
911
897
892
901
921
928
934
944
953
958
958
961
963
965
960
957
937
876
787
739
714
698
684
679
679
671
668
663
666
664
663
655
658
659
655
650
652
655
653
652
648
651
652
652
645
649
652
648
645
646
650
649
649
643
648
650
649
644
648
650
648
646
647
651
650
652
647
651
654
655
653
695
765
854
900
921
938
950
957
958
962
964
969
967
968
969
968
964
957
955
949
948
946
946
946
945
944
944
944
945
946
956
966
968
969
970
973
973
973
972
965
960
954
954
950
947
947
945
942
941
940
939
939
940
941
943
945
948
959
966
965
970
973
972
972
967
961
954
951
947
946
942
941
936
927
920
922
929
935
932
937
939
941
942
954
962
969
966
973
964
971
973
968
958
953
951
945
894
818
748
715
702
693
682
673
670
671
666
666
658
661
660
657
652
654
656
654
651
649
654
652
654
646
651
652
648
645
648
651
650
647
646
650
651
652
644
650
653
649
647
650
656
656
704
838
890
910
925
934
945
951
956
960
962
967
966
968
969
968
966
963
958
954
949
948
945
944
941
896
833
751
718
700
689
677
677
678
720
778
868
900
913
925
934
948
953
965
966
970
971
975
970
962
955
949
940
892
852
814
776
738
715
709
715
733
763
812
882
906
916
924
930
945
954
963
968
969
967
971
974
971
965
955
950
919
856
790
731
708
693
682
675
676
694
744
803
880
904
919
939
949
959
962
964
967
971
966
958
950
925
858
782
723
702
692
682
676
669
672
670
671
689
754
847
891
911
922
935
948
957
965
967
966
970
972
971
967
962
957
951
947
919
873
827
790
753
734
732
756
790
851
899
917
929
943
951
959
961
963
965
967
965
957
936
852
755
721
700
687
674
674
670
665
658
659
661
656
653
652
655
654
654
647
651
653
650
645
649
651
649
646
646
651
651
653
645
651
653
651
649
654
660
742
857
886
902
912
917
920
924
927
928
928
834
737
702
683
672
670
665
664
654
658
658
655
651
653
656
655
655
654
669
753
848
886
902
910
865
787
712
689
676
667
660
661
659
657
650
654
656
651
650
651
655
652
652
647
654
653
655
651
657
662
731
851
892
910
921
931
942
946
948
949
946
946
942
938
914
872
842
825
828
853
902
917
923
930
934
940
948
960
964
966
968
964
957
954
949
946
938
926
901
886
887
910
923
927
930
932
934
940
941
952
961
970
969
970
964
958
954
948
945
941
940
934
931
930
931
931
933
932
935
937
939
942
945
956
965
967
970
967
962
956
951
945
913
830
748
721
707
693
682
677
676
671
668
661
664
662
661
654
657
659
656
652
652
655
653
654
648
653
654
653
648
651
654
651
649
649
653
652
655
649
653
654
653
647
653
657
657
658
716
839
888
908
920
929
946
958
966
968
971
972
977
977
976
970
964
956
954
944
881
788
733
712
694
681
673
673
669
667
659
660
661
657
653
655
658
655
654
650
655
655
656
649
654
657
654
651
653
660
660
746
861
896
914
924
933
943
953
962
964
966
971
969
963
956
953
948
919
835
746
716
694
678
671
672
667
664
656
660
659
656
650
653
656
654
650
650
655
653
656
649
655
658
659
685
781
873
901
915
925
934
947
960
964
966
971
975
973
971
968
958
954
949
943
937
882
807
736
710
688
677
671
669
665
660
654
657
657
656
649
653
655
651
647
649
653
652
651
648
655
657
681
805
876
901
915
925
941
952
961
963
968
969
967
961
953
950
944
876
772
721
701
685
677
665
666
663
658
652
655
655
651
649
647
652
650
651
643
648
649
647
642
646
650
648
645
646
650
651
653
647
653
658
741
859
893
912
923
939
952
958
964
965
965
960
953
901
796
728
703
684
673
663
664
661
659
651
654
655
651
647
649
651
650
648
645
649
650
650
645
649
651
648
646
649
654
656
688
820
882
909
932
950
957
965
967
970
972
974
971
968
956
944
866
766
715
696
684
673
665
661
663
660
659
651
654
655
652
647
650
651
649
648
646
651
650
652
645
650
652
649
647
651
657
687
827
886
913
939
955
959
964
970
971
974
974
972
968
958
908
841
761
720
691
684
677
669
661
660
661
657
656
650
655
655
653
646
651
653
648
644
647
651
648
648
642
648
647
647
640
644
647
643
640
640
644
642
643
638
644
643
644
638
642
646
643
642
642
648
647
650
643
650
653
658
802
875
903
916
929
938
952
960
963
965
964
969
971
972
971
969
965
959
954
952
949
947
942
942
924
854
758
721
702
687
677
670
670
666
667
658
662
664
667
742
854
895
921
940
949
956
963
967
967
964
958
952
926
865
815
757
717
694
689
696
734
774
853
895
909
922
928
946
958
964
966
968
972
973
972
964
959
953
925
838
750
716
698
681
677
673
668
660
661
661
657
654
653
656
654
654
648
650
652
650
644
648
650
647
644
645
650
648
650
642
648
648
648
643
647
650
648
646
645
652
652
655
648
652
655
655
653
658
725
840
887
909
921
931
941
952
960
962
965
967
970
970
964
963
957
955
949
932
876
827
760
718
696
688
683
676
670
665
668
666
667
658
662
664
663
689
778
874
905
919
934
949
962
965
969
973
974
973
967
960
955
947
876
776
729
705
692
674
672
669
663
658
657
661
657
656
650
654
655
654
648
652
654
650
648
649
654
653
653
649
653
655
654
650
654
659
669
780
880
918
936
946
954
957
961
964
964
960
927
843
746
708
691
680
674
663
663
663
660
652
655
656
655
652
651
654
654
658
650
655
659
660
717
849
894
915
939
953
960
966
968
972
968
965
956
948
883
815
739
709
689
686
679
676
667
668
668
665
662
696
771
866
901
917
931
945
957
964
966
969
971
967
964
957
942
874
809
741
713
697
680
677
674
667
662
661
664
662
658
655
660
661
662
655
661
666
724
821
884
908
921
934
950
960
965
969
972
974
974
974
971
964
963
958
955
950
948
915
849
757
721
703
688
676
672
672
667
667
660
662
662
658
655
658
661
659
657
659
664
700
778
872
903
918
935
952
960
966
967
971
973
971
964
959
954
942
886
816
736
709
695
681
674
667
668
664
665
655
659
659
655
651
652
656
653
651
649
654
653
655
648
651
654
651
649
651
656
655
655
655
703
838
887
907
918
933
945
956
962
968
972
970
972
969
966
961
955
951
947
909
846
766
723
700
686
674
673
668
666
656
659
659
654
651
652
655
652
653
647
652
653
653
648
651
655
653
652
654
663
743
854
891
909
921
928
934
942
950
953
959
958
961
958
962
964
965
963
962
956
955
952
949
943
887
792
734
710
686
682
676
670
661
661
662
658
654
652
656
655
657
649
654
654
652
648
651
654
652
651
651
656
657
661
655
723
830
884
907
919
928
936
948
959
968
968
974
975
977
977
979
979
978
978
972
967
961
957
950
913
837
753
720
697
681
674
672
666
662
656
659
657
657
650
652
654
651
647
648
652
651
651
646
650
651
650
643
646
652
649
648
649
656
657
705
820
880
903
917
929
941
955
962
967
971
971
975
975
977
977
977
972
964
958
953
949
944
928
890
858
833
809
807
819
856
905
920
930
941
952
961
963
964
968
968
966
960
955
949
945
941
938
937
935
938
938
939
940
941
943
945
953
962
967
970
973
973
970
964
957
951
950
947
946
944
940
941
941
939
939
939
942
943
946
952
967
968
971
970
974
973
966
958
952
951
945
910
832
754
720
699
687
684
676
672
663
666
664
661
653
656
658
653
651
649
653
651
653
644
648
648
646
642
645
647
645
643
641
646
645
648
640
645
647
645
640
643
646
644
642
641
646
645
649
640
646
648
645
642
644
648
646
644
641
647
648
650
643
649
652
652
703
783
881
912
935
944
951
955
963
962
966
967
972
968
971
968
960
953
915
872
830
776
716
699
686
675
666
663
663
658
657
652
655
655
654
647
651
652
650
646
648
652
653
654
653
700
829
884
904
915
924
928
932
936
945
952
959
957
954
949
945
902
820
739
706
687
678
675
670
670
659
663
664
677
740
817
858
876
885
892
887
867
837
798
764
720
695
678
675
674
670
666
681
722
764
828
882
902
917
924
932
940
953
961
966
962
957
953
947
887
791
732
703
685
677
674
668
667
660
664
663
663
657
662
699
803
876
901
913
925
935
948
962
965
970
970
964
957
952
945
941
937
937
934
933
936
937
940
940
945
958
963
969
972
976
970
959
955
951
946
942
939
937
936
934
936
936
940
941
945
949
963
966
970
969
965
956
950
948
939
939
936
937
936
936
938
938
944
956
966
970
970
972
965
955
950
944
939
936
934
932
932
931
932
934
934
936
940
943
948
961
967
968
966
959
955
951
946
941
939
936
932
922
913
913
918
924
928
934
938
945
953
961
964
964
960
953
940
867
771
727
709
695
691
675
674
671
667
661
661
663
660
658
655
659
659
664
656
662
732
855
894
914
922
927
934
937
941
939
936
847
746
709
688
676
669
671
667
667
664
735
839
891
913
930
946
954
961
960
960
950
932
846
756
715
696
679
675
673
668
665
670
724
788
870
896
913
928
943
953
958
959
957
947
914
835
744
713
685
680
673
668
659
658
659
655
653
650
653
650
653
644
647
649
646
641
643
647
643
644
640
645
644
648
639
643
644
642
638
639
644
641
641
639
643
641
646
637
641
643
640
638
639
642
641
643
636
642
642
643
637
641
642
640
638
639
642
641
644
636
641
642
643
637
641
643
640
638
638
643
641
645
636
642
643
642
637
640
643
640
638
638
642
642
647
637
641
643
641
637
640
643
640
640
637
643
642
647
637
642
642
640
636
639
643
641
642
638
642
641
644
637
642
643
641
638
639
643
641
643
638
642
643
644
637
640
642
641
638
639
643
642
643
637
643
644
644
637
641
643
640
639
639
643
642
646
637
642
643
643
638
640
643
640
640
638
643
642
647
637
642
643
642
638
640
643
640
640
638
643
642
646
637
642
643
642
638
640
642
642
641
638
643
643
646
638
642
643
640
638
640
643
643
643
638
643
643
645
638
642
644
641
639
640
643
642
644
638
643
643
644
638
641
644
640
640
639
644
642
645
638
643
644
643
639
641
645
642
640
638
644
644
648
639
643
645
643
639
642
645
643
640
640
644
643
647
639
644
645
643
638
641
644
642
642
640
644
644
647
639
643
645
643
640
641
645
642
644
640
644
644
646
639
643
645
642
640
640
645
643
644
639
645
644
645
639
642
645
642
640
641
645
643
645
639
644
644
644
639
642
645
642
640
640
644
642
648
639
643
644
643
639
642
645
642
641
640
644
643
648
638
642
645
643
639
641
645
643
643
639
644
644
647
639
643
643
642
639
640
643
642
644
639
644
642
645
637
642
645
642
640
640
644
643
646
639
644
644
644
637
642
645
642
641
640
643
643
646
639
644
644
644
639
643
645
642
641
639
645
643
648
639
643
645
642
639
640
645
